8 16777216 72705.0 72705.0 72705.0 3.69211823121 3.69211823121 3.69211823121 0.923029557802 0.923029557802 0.923029557802
16 8388608 36078.0 36078.0 36078.0 7.44041953545 7.44041953545 7.44041953545 1.86010488386 1.86010488386 1.86010488386
24 4194304 18248.0 18248.0 18248.0 11.0328031565 11.0328031565 11.0328031565 2.75820078913 2.75820078913 2.75820078913
32 4194304 18102.0 18102.0 18102.0 14.8290496078 14.8290496078 14.8290496078 3.70726240194 3.70726240194 3.70726240194
40 2097152 9188.0 9188.0 9188.0 18.2599216369 18.2599216369 18.2599216369 4.56498040923 4.56498040923 4.56498040923
48 2097152 9984.0 9984.0 9984.0 20.1649230769 20.1649230769 20.1649230769 5.04123076923 5.04123076923 5.04123076923
56 2097152 9931.0 9931.0 9931.0 23.6512963448 23.6512963448 23.6512963448 5.91282408619 5.91282408619 5.91282408619
64 2097152 11670.0 11670.0 11670.0 23.0021813196 23.0021813196 23.0021813196 5.75054532991 5.75054532991 5.75054532991
72 1048576 6025.0 6025.0 6025.0 25.0614014938 25.0614014938 25.0614014938 6.26535037344 6.26535037344 6.26535037344
80 1048576 7846.0 7846.0 7846.0 21.3831455519 21.3831455519 21.3831455519 5.34578638797 5.34578638797 5.34578638797
88 1048576 7701.0 7701.0 7701.0 23.9643391767 23.9643391767 23.9643391767 5.99108479418 5.99108479418 5.99108479418
96 1048576 7431.0 7431.0 7431.0 27.0927993541 27.0927993541 27.0927993541 6.77319983851 6.77319983851 6.77319983851
104 1048576 7364.0 7364.0 7364.0 29.6175730581 29.6175730581 29.6175730581 7.40439326453 7.40439326453 7.40439326453
112 1048576 8660.0 8660.0 8660.0 27.1225200924 27.1225200924 27.1225200924 6.78063002309 6.78063002309 6.78063002309
120 1048576 9174.0 9174.0 9174.0 27.4316808371 27.4316808371 27.4316808371 6.85792020929 6.85792020929 6.85792020929
128 1048576 5040.0 5040.0 5040.0 53.2610031746 53.2610031746 53.2610031746 13.3152507937 13.3152507937 13.3152507937
136 524288 2529.0 2529.0 2529.0 56.3884286279 56.3884286279 56.3884286279 14.097107157 14.097107157 14.097107157
144 524288 2516.0 2516.0 2516.0 60.0138887122 60.0138887122 60.0138887122 15.0034721781 15.0034721781 15.0034721781
152 524288 2541.0 2541.0 2541.0 62.7247351436 62.7247351436 62.7247351436 15.6811837859 15.6811837859 15.6811837859
160 524288 2512.0 2512.0 2512.0 66.7882802548 66.7882802548 66.7882802548 16.6970700637 16.6970700637 16.6970700637
176 524288 2555.0 2555.0 2555.0 72.2306755382 72.2306755382 72.2306755382 18.0576688845 18.0576688845 18.0576688845
192 524288 2945.0 2945.0 2945.0 68.3621704584 68.3621704584 68.3621704584 17.0905426146 17.0905426146 17.0905426146
208 524288 3390.0 3390.0 3390.0 64.3374064897 64.3374064897 64.3374064897 16.0843516224 16.0843516224 16.0843516224
224 524288 4546.0 4546.0 4546.0 51.667625165 51.667625165 51.667625165 12.9169062912 12.9169062912 12.9169062912
240 524288 4532.0 4532.0 4532.0 55.5291791703 55.5291791703 55.5291791703 13.8822947926 13.8822947926 13.8822947926
264 262144 1274.0 1274.0 1274.0 108.64366719 108.64366719 108.64366719 27.1609167975 27.1609167975 27.1609167975
288 262144 1376.0 1376.0 1376.0 109.734697674 109.734697674 109.734697674 27.4336744186 27.4336744186 27.4336744186
312 262144 1645.0 1645.0 1645.0 99.4394261398 99.4394261398 99.4394261398 24.859856535 24.859856535 24.859856535
336 262144 2609.0 2609.0 2609.0 67.520417018 67.520417018 67.520417018 16.8801042545 16.8801042545 16.8801042545
368 262144 4740.0 4740.0 4740.0 40.7042160338 40.7042160338 40.7042160338 10.1760540084 10.1760540084 10.1760540084
400 262144 2579.0 2579.0 2579.0 81.3164792555 81.3164792555 81.3164792555 20.3291198139 20.3291198139 20.3291198139
440 262144 2032.0 2032.0 2032.0 113.526929134 113.526929134 113.526929134 28.3817322835 28.3817322835 28.3817322835
480 262144 2609.0 2609.0 2609.0 96.4577385972 96.4577385972 96.4577385972 24.1144346493 24.1144346493 24.1144346493
528 131072 1070.0 1070.0 1070.0 129.357039252 129.357039252 129.357039252 32.3392598131 32.3392598131 32.3392598131
576 131072 1275.0 1275.0 1275.0 118.427407059 118.427407059 118.427407059 29.6068517647 29.6068517647 29.6068517647
632 131072 2212.0 2212.0 2212.0 74.8982857143 74.8982857143 74.8982857143 18.7245714286 18.7245714286 18.7245714286
688 131072 1599.0 1599.0 1599.0 112.79241526 112.79241526 112.79241526 28.1981038149 28.1981038149 28.1981038149
752 131072 1959.0 1959.0 1959.0 100.629039306 100.629039306 100.629039306 25.1572598264 25.1572598264 25.1572598264
824 131072 1933.0 1933.0 1933.0 111.746847387 111.746847387 111.746847387 27.9367118469 27.9367118469 27.9367118469
904 131072 2403.0 2403.0 2403.0 98.6176346234 98.6176346234 98.6176346234 24.6544086558 24.6544086558 24.6544086558
992 131072 2243.0 2243.0 2243.0 115.937069996 115.937069996 115.937069996 28.9842674989 28.9842674989 28.9842674989
1088 65536 1169.0 1169.0 1169.0 121.990022241 121.990022241 121.990022241 30.4975055603 30.4975055603 30.4975055603
1192 65536 1535.0 1535.0 1535.0 101.783598697 101.783598697 101.783598697 25.4458996743 25.4458996743 25.4458996743
1304 65536 1413.0 1413.0 1413.0 120.960996461 120.960996461 120.960996461 30.2402491154 30.2402491154 30.2402491154
1432 65536 1437.0 1437.0 1437.0 130.615938761 130.615938761 130.615938761 32.6539846903 32.6539846903 32.6539846903
1568 65536 1616.0 1616.0 1616.0 127.178772277 127.178772277 127.178772277 31.7946930693 31.7946930693 31.7946930693
1720 65536 1768.0 1768.0 1768.0 127.513484163 127.513484163 127.513484163 31.8783710407 31.8783710407 31.8783710407
1888 65536 1984.0 1984.0 1984.0 124.729806452 124.729806452 124.729806452 31.1824516129 31.1824516129 31.1824516129
2072 32768 1090.0 1090.0 1090.0 124.578524771 124.578524771 124.578524771 31.1446311927 31.1446311927 31.1446311927
2272 32768 1163.0 1163.0 1163.0 128.02905589 128.02905589 128.02905589 32.0072639725 32.0072639725 32.0072639725
2496 32768 1280.0 1280.0 1280.0 127.7952 127.7952 127.7952 31.9488 31.9488 31.9488
2744 32768 1464.0 1464.0 1464.0 122.835234973 122.835234973 122.835234973 30.7088087432 30.7088087432 30.7088087432
3016 32768 2106.0 2106.0 2106.0 93.8540246914 93.8540246914 93.8540246914 23.4635061728 23.4635061728 23.4635061728
3312 32768 1695.0 1695.0 1695.0 128.056184071 128.056184071 128.056184071 32.0140460177 32.0140460177 32.0140460177
3640 32768 1903.0 1903.0 1903.0 125.355249606 125.355249606 125.355249606 31.3388124015 31.3388124015 31.3388124015
4000 32768 1979.0 1979.0 1979.0 132.46286003 132.46286003 132.46286003 33.1157150076 33.1157150076 33.1157150076
4400 16384 1162.0 1162.0 1162.0 124.07848537 124.07848537 124.07848537 31.0196213425 31.0196213425 31.0196213425
4840 16384 1290.0 1290.0 1290.0 122.943503876 122.943503876 122.943503876 30.735875969 30.735875969 30.735875969
5320 16384 1398.0 1398.0 1398.0 124.696537911 124.696537911 124.696537911 31.1741344778 31.1741344778 31.1741344778
5848 16384 1557.0 1557.0 1557.0 123.074671805 123.074671805 123.074671805 30.7686679512 30.7686679512 30.7686679512
6432 16384 1700.0 1700.0 1700.0 123.978691765 123.978691765 123.978691765 30.9946729412 30.9946729412 30.9946729412
7072 16384 1820.0 1820.0 1820.0 127.327085714 127.327085714 127.327085714 31.8317714286 31.8317714286 31.8317714286
7776 16384 2392.0 2392.0 2392.0 106.523397993 106.523397993 106.523397993 26.6308494983 26.6308494983 26.6308494983
8552 8192 1148.0 1148.0 1148.0 122.052236934 122.052236934 122.052236934 30.5130592334 30.5130592334 30.5130592334
9400 8192 1468.0 1468.0 1468.0 104.911171662 104.911171662 104.911171662 26.2277929155 26.2277929155 26.2277929155
10336 8192 1341.0 1341.0 1341.0 126.282642804 126.282642804 126.282642804 31.570660701 31.570660701 31.570660701
11368 8192 1502.0 1502.0 1502.0 124.003536618 124.003536618 124.003536618 31.0008841545 31.0008841545 31.0008841545
12504 8192 1672.0 1672.0 1672.0 122.52723445 122.52723445 122.52723445 30.6318086124 30.6318086124 30.6318086124
13752 8192 1835.0 1835.0 1835.0 122.786249591 122.786249591 122.786249591 30.6965623978 30.6965623978 30.6965623978
15120 8192 1969.0 1969.0 1969.0 125.813143728 125.813143728 125.813143728 31.4532859319 31.4532859319 31.4532859319
16632 4096 1102.0 1102.0 1102.0 123.638243194 123.638243194 123.638243194 30.9095607985 30.9095607985 30.9095607985
18288 4096 1193.0 1193.0 1193.0 125.578621961 125.578621961 125.578621961 31.3946554904 31.3946554904 31.3946554904
20112 4096 1372.0 1372.0 1372.0 120.085644315 120.085644315 120.085644315 30.0214110787 30.0214110787 30.0214110787
22120 4096 1453.0 1453.0 1453.0 124.712346869 124.712346869 124.712346869 31.1780867171 31.1780867171 31.1780867171
24328 4096 1569.0 1569.0 1569.0 127.02037986 127.02037986 127.02037986 31.7550949649 31.7550949649 31.7550949649
26760 4096 1750.0 1750.0 1750.0 125.267382857 125.267382857 125.267382857 31.3168457143 31.3168457143 31.3168457143
29432 4096 1938.0 1938.0 1938.0 124.410187822 124.410187822 124.410187822 31.1025469556 31.1025469556 31.1025469556
32368 4096 2174.0 2174.0 2174.0 121.968103036 121.968103036 121.968103036 30.492025759 30.492025759 30.492025759
35600 2048 1230.0 1230.0 1230.0 118.550894309 118.550894309 118.550894309 29.6377235772 29.6377235772 29.6377235772
39160 2048 1426.0 1426.0 1426.0 112.482019635 112.482019635 112.482019635 28.1205049088 28.1205049088 28.1205049088
43072 2048 1551.0 1551.0 1551.0 113.74784784 113.74784784 113.74784784 28.43696196 28.43696196 28.43696196
47376 2048 1671.0 1671.0 1671.0 116.129321364 116.129321364 116.129321364 29.0323303411 29.0323303411 29.0323303411
52112 2048 1865.0 1865.0 1865.0 114.450805362 114.450805362 114.450805362 28.6127013405 28.6127013405 28.6127013405
57320 2048 2034.0 2034.0 2034.0 115.42906588 115.42906588 115.42906588 28.85726647 28.85726647 28.85726647
63048 2048 2266.0 2266.0 2266.0 113.964963813 113.964963813 113.964963813 28.4912409532 28.4912409532 28.4912409532
69352 1024 1270.0 1270.0 1270.0 111.836925984 111.836925984 111.836925984 27.9592314961 27.9592314961 27.9592314961
76280 1024 1366.0 1366.0 1366.0 114.364158126 114.364158126 114.364158126 28.5910395315 28.5910395315 28.5910395315
83904 1024 1495.0 1495.0 1495.0 114.940061538 114.940061538 114.940061538 28.7350153846 28.7350153846 28.7350153846
92288 1024 1647.0 1647.0 1647.0 114.757634487 114.757634487 114.757634487 28.6894086217 28.6894086217 28.6894086217
101512 1024 1830.0 1830.0 1830.0 113.604686339 113.604686339 113.604686339 28.4011715847 28.4011715847 28.4011715847
111656 1024 2006.0 2006.0 2006.0 113.993762712 113.993762712 113.993762712 28.498440678 28.498440678 28.498440678
122816 1024 2173.0 2173.0 2173.0 115.751112747 115.751112747 115.751112747 28.9377781868 28.9377781868 28.9377781868
135096 512 1285.0 1285.0 1285.0 107.656267704 107.656267704 107.656267704 26.9140669261 26.9140669261 26.9140669261
148600 512 1334.0 1334.0 1334.0 114.067766117 114.067766117 114.067766117 28.5169415292 28.5169415292 28.5169415292
163456 512 1636.0 1636.0 1636.0 102.309867971 102.309867971 102.309867971 25.5774669927 25.5774669927 25.5774669927
179800 512 1613.0 1613.0 1613.0 114.144575325 114.144575325 114.144575325 28.5361438314 28.5361438314 28.5361438314
197776 512 1767.0 1767.0 1767.0 114.613822298 114.613822298 114.613822298 28.6534555744 28.6534555744 28.6534555744
217552 512 1922.0 1922.0 1922.0 115.906996878 115.906996878 115.906996878 28.9767492196 28.9767492196 28.9767492196
239304 512 2225.0 2225.0 2225.0 110.13361618 110.13361618 110.13361618 27.5334040449 27.5334040449 27.5334040449
263232 256 1423.0 1423.0 1423.0 94.7117245257 94.7117245257 94.7117245257 23.6779311314 23.6779311314 23.6779311314
289552 256 1310.0 1310.0 1310.0 113.168415267 113.168415267 113.168415267 28.2921038168 28.2921038168 28.2921038168
318504 256 1430.0 1430.0 1430.0 114.037795804 114.037795804 114.037795804 28.509448951 28.509448951 28.509448951
350352 256 1614.0 1614.0 1614.0 111.140163569 111.140163569 111.140163569 27.7850408922 27.7850408922 27.7850408922
385384 256 1826.0 1826.0 1826.0 108.059478642 108.059478642 108.059478642 27.0148696605 27.0148696605 27.0148696605
423920 256 1926.0 1926.0 1926.0 112.693167186 112.693167186 112.693167186 28.1732917965 28.1732917965 28.1732917965
466312 256 2130.0 2130.0 2130.0 112.090020657 112.090020657 112.090020657 28.0225051643 28.0225051643 28.0225051643
512936 256 2419.0 2419.0 2419.0 108.566859033 108.566859033 108.566859033 27.1417147582 27.1417147582 27.1417147582
564224 128 1293.0 1293.0 1293.0 111.710242846 111.710242846 111.710242846 27.9275607115 27.9275607115 27.9275607115
620640 128 1438.0 1438.0 1438.0 110.48945758 110.48945758 110.48945758 27.622364395 27.622364395 27.622364395
682704 128 1615.0 1615.0 1615.0 108.218095356 108.218095356 108.218095356 27.054523839 27.054523839 27.054523839
750968 128 1782.0 1782.0 1782.0 107.883169473 107.883169473 107.883169473 26.9707923681 26.9707923681 26.9707923681
826064 128 2030.0 2030.0 2030.0 104.173588177 104.173588177 104.173588177 26.0433970443 26.0433970443 26.0433970443
908664 128 2083.0 2083.0 2083.0 111.67450024 111.67450024 111.67450024 27.91862506 27.91862506 27.91862506
999528 128 2375.0 2375.0 2375.0 107.738597053 107.738597053 107.738597053 26.9346492632 26.9346492632 26.9346492632
1099480 64 1347.0 1347.0 1347.0 104.479168523 104.479168523 104.479168523 26.1197921307 26.1197921307 26.1197921307
1209424 64 1388.0 1388.0 1388.0 111.531896254 111.531896254 111.531896254 27.8829740634 27.8829740634 27.8829740634
1330360 64 1934.0 1934.0 1934.0 88.0486452947 88.0486452947 88.0486452947 22.0121613237 22.0121613237 22.0121613237
1463392 64 1772.0 1772.0 1772.0 105.707774266 105.707774266 105.707774266 26.4269435666 26.4269435666 26.4269435666
1609728 64 1922.0 1922.0 1922.0 107.203529657 107.203529657 107.203529657 26.8008824142 26.8008824142 26.8008824142
1770696 64 2083.0 2083.0 2083.0 108.808971675 108.808971675 108.808971675 27.2022429189 27.2022429189 27.2022429189
1947760 64 2344.0 2344.0 2344.0 106.362320819 106.362320819 106.362320819 26.5905802048 26.5905802048 26.5905802048
2142536 32 1260.0 1260.0 1260.0 108.827225397 108.827225397 108.827225397 27.2068063492 27.2068063492 27.2068063492
2356784 32 1494.0 1494.0 1494.0 100.959957162 100.959957162 100.959957162 25.2399892905 25.2399892905 25.2399892905
2592456 32 1581.0 1581.0 1581.0 104.944455408 104.944455408 104.944455408 26.236113852 26.236113852 26.236113852
2851696 32 1695.0 1695.0 1695.0 107.674657227 107.674657227 107.674657227 26.9186643068 26.9186643068 26.9186643068
3136864 32 2087.0 2087.0 2087.0 96.1951586009 96.1951586009 96.1951586009 24.0487896502 24.0487896502 24.0487896502
3450544 32 2601.0 2601.0 2601.0 84.9038123799 84.9038123799 84.9038123799 21.225953095 21.225953095 21.225953095
3795592 32 4871.0 4871.0 4871.0 49.8702295217 49.8702295217 49.8702295217 12.4675573804 12.4675573804 12.4675573804
4175144 32 7383.0 7383.0 7383.0 36.1924984424 36.1924984424 36.1924984424 9.04812461059 9.04812461059 9.04812461059
4592656 16 8743.0 8743.0 8743.0 16.809446643 16.809446643 16.809446643 4.20236166076 4.20236166076 4.20236166076
5051920 16 9440.0 9440.0 9440.0 17.1251525424 17.1251525424 17.1251525424 4.28128813559 4.28128813559 4.28128813559
5557112 16 11272.0 11272.0 11272.0 15.7760454223 15.7760454223 15.7760454223 3.94401135557 3.94401135557 3.94401135557
6112816 16 14135.0 14135.0 14135.0 13.8387061903 13.8387061903 13.8387061903 3.45967654758 3.45967654758 3.45967654758
6724096 16 17328.0 17328.0 17328.0 12.4175364728 12.4175364728 12.4175364728 3.10438411819 3.10438411819 3.10438411819
7396504 16 17585.0 17585.0 17585.0 13.4596603924 13.4596603924 13.4596603924 3.36491509809 3.36491509809 3.36491509809
8136152 16 20337.0 20337.0 20337.0 12.8021273541 12.8021273541 12.8021273541 3.20053183852 3.20053183852 3.20053183852
8949760 8 10709.0 10709.0 10709.0 13.3715715753 13.3715715753 13.3715715753 3.34289289383 3.34289289383 3.34289289383
9844736 8 14522.0 14522.0 14522.0 10.8466999036 10.8466999036 10.8466999036 2.7116749759 2.7116749759 2.7116749759
10829208 8 15798.0 15798.0 15798.0 10.9676748956 10.9676748956 10.9676748956 2.74191872389 2.74191872389 2.74191872389
11912128 8 15087.0 15087.0 15087.0 12.6329984755 12.6329984755 12.6329984755 3.15824961888 3.15824961888 3.15824961888
13103336 8 15690.0 15690.0 15690.0 13.3622291906 13.3622291906 13.3622291906 3.34055729764 3.34055729764 3.34055729764
14413664 8 17667.0 17667.0 17667.0 13.0536380823 13.0536380823 13.0536380823 3.26340952058 3.26340952058 3.26340952058
15855024 8 22095.0 22095.0 22095.0 11.4813479973 11.4813479973 11.4813479973 2.87033699932 2.87033699932 2.87033699932
17440520 4 9894.0 9894.0 9894.0 14.1018960986 14.1018960986 14.1018960986 3.52547402466 3.52547402466 3.52547402466
19184568 4 13692.0 13692.0 13692.0 11.2092129711 11.2092129711 11.2092129711 2.80230324277 2.80230324277 2.80230324277
21103024 4 16689.0 16689.0 16689.0 10.1158962191 10.1158962191 10.1158962191 2.52897405477 2.52897405477 2.52897405477
23213320 4 13632.0 13632.0 13632.0 13.6228403756 13.6228403756 13.6228403756 3.4057100939 3.4057100939 3.4057100939
25534648 4 15031.0 15031.0 15031.0 13.5903921229 13.5903921229 13.5903921229 3.39759803074 3.39759803074 3.39759803074
28088112 4 16242.0 16242.0 16242.0 13.8348045807 13.8348045807 13.8348045807 3.45870114518 3.45870114518 3.45870114518
30896920 4 17565.0 17565.0 17565.0 14.0720387134 14.0720387134 14.0720387134 3.51800967834 3.51800967834 3.51800967834
33986608 2 13214.0 13214.0 13214.0 10.2880605418 10.2880605418 10.2880605418 2.57201513546 2.57201513546 2.57201513546
37385264 2 10683.0 10683.0 10683.0 13.998039502 13.998039502 13.998039502 3.4995098755 3.4995098755 3.4995098755
41123784 2 12967.0 12967.0 12967.0 12.6856740958 12.6856740958 12.6856740958 3.17141852395 3.17141852395 3.17141852395
45236160 2 15919.0 15919.0 15919.0 11.3665833281 11.3665833281 11.3665833281 2.84164583202 2.84164583202 2.84164583202
49759776 2 15534.0 15534.0 15534.0 12.8131263036 12.8131263036 12.8131263036 3.2032815759 3.2032815759 3.2032815759
54735752 2 15658.0 15658.0 15658.0 13.9828207945 13.9828207945 13.9828207945 3.49570519862 3.49570519862 3.49570519862
60209320 2 19684.0 19684.0 19684.0 12.2351798415 12.2351798415 12.2351798415 3.05879496037 3.05879496037 3.05879496037
66230248 2 22743.0 22743.0 22743.0 11.6484629117 11.6484629117 11.6484629117 2.91211572792 2.91211572792 2.91211572792
72853272 1 10518.0 10518.0 10518.0 13.8530656018 13.8530656018 13.8530656018 3.46326640046 3.46326640046 3.46326640046
80138592 1 15073.0 15073.0 15073.0 10.6333964042 10.6333964042 10.6333964042 2.65834910104 2.65834910104 2.65834910104
88152448 1 12688.0 12688.0 12688.0 13.8954047919 13.8954047919 13.8954047919 3.47385119798 3.47385119798 3.47385119798
96967688 1 17619.0 17619.0 17619.0 11.0071727113 11.0071727113 11.0071727113 2.75179317782 2.75179317782 2.75179317782
106664456 1 15193.0 15193.0 15193.0 14.0412632133 14.0412632133 14.0412632133 3.51031580333 3.51031580333 3.51031580333
117330896 1 19416.0 19416.0 19416.0 12.0860008241 12.0860008241 12.0860008241 3.02150020602 3.02150020602 3.02150020602
129063984 1 18564.0 18564.0 18564.0 13.904760181 13.904760181 13.904760181 3.47619004525 3.47619004525 3.47619004525

META_DATA
ERT_VERSION  1.1.0
FLOPS          4
UNAME  ('Linux', '559548279ca1', '5.10.16.3-microsoft-standard-WSL2', '#1 SMP Fri Apr 2 22:23:49 UTC 2021', 'x86_64', 'x86_64')
HOSTNAME  ('559548279ca1', [], ['172.17.0.3'])
CONFIG  {'ERT_WORKING_SET_MIN': ['1'], 'ERT_CFLAGS': ['-Ofast', '-march=native'], 'ERT_CC': ['cc'], 'ERT_MPI_CFLAGS': [], 'ERT_MPI_LDFLAGS': [], 'ERT_MEMORY_MAX': ['134217728', '#', '128MB'], 'ERT_LDFLAGS': [], 'ERT_LDLIBS': [], 'ERT_RUN': ['./ERT_CODE'], 'ERT_FLOPS': ['1,4,16,64'], 'ERT_OPENMP_CFLAGS': ['-fopenmp'], 'ERT_MPI': ['False'], 'ERT_TRIALS_MIN': ['1'], 'ERT_DRIVER': ['driver1'], 'ERT_RESULTS': ['Sequential'], 'ERT_OPENMP': ['False'], 'ERT_KERNEL': ['kernel1'], 'ERT_GPU': [False], 'ERT_LD': ['cc'], 'ERT_NUM_EXPERIMENTS': ['1'], 'ERT_OPENMP_LDFLAGS': ['-fopenmp'], 'ERT_ALIGN': ['64'], 'ERT_GNUPLOT': ['gnuplot']}
TIMESTAMP_DATA  1650588986.77
