8 16777216 670677.0 670677.0 670677.0 0.400245507152 0.400245507152 0.400245507152 1.60098202861 1.60098202861 1.60098202861
16 8388608 336735.0 336735.0 336735.0 0.797171235541 0.797171235541 0.797171235541 3.18868494217 3.18868494217 3.18868494217
24 4194304 169804.0 169804.0 169804.0 1.18564104497 1.18564104497 1.18564104497 4.74256417988 4.74256417988 4.74256417988
32 4194304 168583.0 168583.0 168583.0 1.59230441978 1.59230441978 1.59230441978 6.36921767913 6.36921767913 6.36921767913
40 2097152 84172.0 84172.0 84172.0 1.99320629188 1.99320629188 1.99320629188 7.97282516751 7.97282516751 7.97282516751
48 2097152 86421.0 86421.0 86421.0 2.32960266602 2.32960266602 2.32960266602 9.31841066407 9.31841066407 9.31841066407
56 2097152 107339.0 107339.0 107339.0 2.18821699475 2.18821699475 2.18821699475 8.75286797902 8.75286797902 8.75286797902
64 2097152 84594.0 84594.0 84594.0 3.17322098494 3.17322098494 3.17322098494 12.6928839398 12.6928839398 12.6928839398
72 1048576 43320.0 43320.0 43320.0 3.48557119114 3.48557119114 3.48557119114 13.9422847645 13.9422847645 13.9422847645
80 1048576 53808.0 53808.0 53808.0 3.11797799584 3.11797799584 3.11797799584 12.4719119833 12.4719119833 12.4719119833
88 1048576 68300.0 68300.0 68300.0 2.70204064422 2.70204064422 2.70204064422 10.8081625769 10.8081625769 10.8081625769
96 1048576 42726.0 42726.0 42726.0 4.71203932032 4.71203932032 4.71203932032 18.8481572813 18.8481572813 18.8481572813
104 1048576 53875.0 53875.0 53875.0 4.04833054292 4.04833054292 4.04833054292 16.1933221717 16.1933221717 16.1933221717
112 1048576 68910.0 68910.0 68910.0 3.40851870556 3.40851870556 3.40851870556 13.6340748222 13.6340748222 13.6340748222
120 1048576 80787.0 80787.0 80787.0 3.11508336737 3.11508336737 3.11508336737 12.4603334695 12.4603334695 12.4603334695
128 1048576 54098.0 54098.0 54098.0 4.96202181227 4.96202181227 4.96202181227 19.8480872491 19.8480872491 19.8480872491
136 524288 33579.0 33579.0 33579.0 4.24689049704 4.24689049704 4.24689049704 16.9875619881 16.9875619881 16.9875619881
144 524288 40365.0 40365.0 40365.0 3.7407393534 3.7407393534 3.7407393534 14.9629574136 14.9629574136 14.9629574136
152 524288 48081.0 48081.0 48081.0 3.31489677835 3.31489677835 3.31489677835 13.2595871134 13.2595871134 13.2595871134
160 524288 33851.0 33851.0 33851.0 4.95619509025 4.95619509025 4.95619509025 19.824780361 19.824780361 19.824780361
176 524288 47246.0 47246.0 47246.0 3.90613757778 3.90613757778 3.90613757778 15.6245503111 15.6245503111 15.6245503111
192 524288 40625.0 40625.0 40625.0 4.95573149538 4.95573149538 4.95573149538 19.8229259815 19.8229259815 19.8229259815
208 524288 54940.0 54940.0 54940.0 3.96985453222 3.96985453222 3.96985453222 15.8794181289 15.8794181289 15.8794181289
224 524288 48296.0 48296.0 48296.0 4.86336392248 4.86336392248 4.86336392248 19.4534556899 19.4534556899 19.4534556899
240 524288 60578.0 60578.0 60578.0 4.15428439367 4.15428439367 4.15428439367 16.6171375747 16.6171375747 16.6171375747
264 262144 30153.0 30153.0 30153.0 4.59032374888 4.59032374888 4.59032374888 18.3612949955 18.3612949955 18.3612949955
288 262144 30497.0 30497.0 30497.0 4.9511408991 4.9511408991 4.9511408991 19.8045635964 19.8045635964 19.8045635964
312 262144 39979.0 39979.0 39979.0 4.09159448711 4.09159448711 4.09159448711 16.3663779484 16.3663779484 16.3663779484
336 262144 40066.0 40066.0 40066.0 4.39676453851 4.39676453851 4.39676453851 17.587058154 17.587058154 17.587058154
368 262144 43556.0 43556.0 43556.0 4.4296534117 4.4296534117 4.4296534117 17.7186136468 17.7186136468 17.7186136468
400 262144 46713.0 46713.0 46713.0 4.48943977051 4.48943977051 4.48943977051 17.9577590821 17.9577590821 17.9577590821
440 262144 53730.0 53730.0 53730.0 4.29344351387 4.29344351387 4.29344351387 17.1737740555 17.1737740555 17.1737740555
480 262144 50225.0 50225.0 50225.0 5.01061702339 5.01061702339 5.01061702339 20.0424680936 20.0424680936 20.0424680936
528 131072 30176.0 30176.0 30176.0 4.58682502651 4.58682502651 4.58682502651 18.347300106 18.347300106 18.347300106
576 131072 30619.0 30619.0 30619.0 4.93141330546 4.93141330546 4.93141330546 19.7256532219 19.7256532219 19.7256532219
632 131072 37332.0 37332.0 37332.0 4.43788192435 4.43788192435 4.43788192435 17.7515276974 17.7515276974 17.7515276974
688 131072 38329.0 38329.0 38329.0 4.70544684182 4.70544684182 4.70544684182 18.8217873673 18.8217873673 18.8217873673
752 131072 41885.0 41885.0 41885.0 4.70651278501 4.70651278501 4.70651278501 18.82605114 18.82605114 18.82605114
824 131072 46515.0 46515.0 46515.0 4.64380642803 4.64380642803 4.64380642803 18.5752257121 18.5752257121 18.5752257121
904 131072 48269.0 48269.0 48269.0 4.90953150055 4.90953150055 4.90953150055 19.6381260022 19.6381260022 19.6381260022
992 131072 51741.0 51741.0 51741.0 5.0259339402 5.0259339402 5.0259339402 20.1037357608 20.1037357608 20.1037357608
1088 65536 28380.0 28380.0 28380.0 5.02488851304 5.02488851304 5.02488851304 20.0995540521 20.0995540521 20.0995540521
1192 65536 31675.0 31675.0 31675.0 4.93252798737 4.93252798737 4.93252798737 19.7301119495 19.7301119495 19.7301119495
1304 65536 35819.0 35819.0 35819.0 4.77171020967 4.77171020967 4.77171020967 19.0868408387 19.0868408387 19.0868408387
1432 65536 40353.0 40353.0 40353.0 4.65132961614 4.65132961614 4.65132961614 18.6053184646 18.6053184646 18.6053184646
1568 65536 40907.0 40907.0 40907.0 5.02410091182 5.02410091182 5.02410091182 20.0964036473 20.0964036473 20.0964036473
1720 65536 46681.0 46681.0 46681.0 4.82945609563 4.82945609563 4.82945609563 19.3178243825 19.3178243825 19.3178243825
1888 65536 49212.0 49212.0 49212.0 5.02852832642 5.02852832642 5.02852832642 20.1141133057 20.1141133057 20.1141133057
2072 32768 28015.0 28015.0 28015.0 4.84706735677 4.84706735677 4.84706735677 19.3882694271 19.3882694271 19.3882694271
2272 32768 30359.0 30359.0 30359.0 4.90456839817 4.90456839817 4.90456839817 19.6182735927 19.6182735927 19.6182735927
2496 32768 32446.0 32446.0 32446.0 5.04154151513 5.04154151513 5.04154151513 20.1661660605 20.1661660605 20.1661660605
2744 32768 36570.0 36570.0 36570.0 4.9174400875 4.9174400875 4.9174400875 19.66976035 19.66976035 19.66976035
3016 32768 40062.0 40062.0 40062.0 4.93376706106 4.93376706106 4.93376706106 19.7350682442 19.7350682442 19.7350682442
3312 32768 45642.0 45642.0 45642.0 4.75560299724 4.75560299724 4.75560299724 19.022411989 19.022411989 19.022411989
3640 32768 48442.0 48442.0 48442.0 4.92446719789 4.92446719789 4.92446719789 19.6978687915 19.6978687915 19.6978687915
4000 32768 53277.0 53277.0 53277.0 4.92039716951 4.92039716951 4.92039716951 19.681588678 19.681588678 19.681588678
4400 16384 28860.0 28860.0 28860.0 4.99581427581 4.99581427581 4.99581427581 19.9832571033 19.9832571033 19.9832571033
4840 16384 31697.0 31697.0 31697.0 5.00353724327 5.00353724327 5.00353724327 20.0141489731 20.0141489731 20.0141489731
5320 16384 34971.0 34971.0 34971.0 4.98486631781 4.98486631781 4.98486631781 19.9394652712 19.9394652712 19.9394652712
5848 16384 39120.0 39120.0 39120.0 4.89844744376 4.89844744376 4.89844744376 19.5937897751 19.5937897751 19.5937897751
6432 16384 41899.0 41899.0 41899.0 5.03028177283 5.03028177283 5.03028177283 20.1211270913 20.1211270913 20.1211270913
7072 16384 46545.0 46545.0 46545.0 4.97873662047 4.97873662047 4.97873662047 19.9149464819 19.9149464819 19.9149464819
7776 16384 50493.0 50493.0 50493.0 5.04632261898 5.04632261898 5.04632261898 20.1852904759 20.1852904759 20.1852904759
8552 8192 27909.0 27909.0 27909.0 5.02045820345 5.02045820345 5.02045820345 20.0818328138 20.0818328138 20.0818328138
9400 8192 31137.0 31137.0 31137.0 4.94619263256 4.94619263256 4.94619263256 19.7847705302 19.7847705302 19.7847705302
10336 8192 33676.0 33676.0 33676.0 5.02865613493 5.02865613493 5.02865613493 20.1146245397 20.1146245397 20.1146245397
11368 8192 37376.0 37376.0 37376.0 4.98323287671 4.98323287671 4.98323287671 19.9329315068 19.9329315068 19.9329315068
12504 8192 41269.0 41269.0 41269.0 4.96415071846 4.96415071846 4.96415071846 19.8566028738 19.8566028738 19.8566028738
13752 8192 44746.0 44746.0 44746.0 5.03537227909 5.03537227909 5.03537227909 20.1414891163 20.1414891163 20.1414891163
15120 8192 49292.0 49292.0 49292.0 5.0256853039 5.0256853039 5.0256853039 20.1027412156 20.1027412156 20.1027412156
16632 4096 27358.0 27358.0 27358.0 4.98023773668 4.98023773668 4.98023773668 19.9209509467 19.9209509467 19.9209509467
18288 4096 30144.0 30144.0 30144.0 4.96998726115 4.96998726115 4.96998726115 19.8799490446 19.8799490446 19.8799490446
20112 4096 32741.0 32741.0 32741.0 5.03214636083 5.03214636083 5.03214636083 20.1285854433 20.1285854433 20.1285854433
22120 4096 35890.0 35890.0 35890.0 5.04895625522 5.04895625522 5.04895625522 20.1958250209 20.1958250209 20.1958250209
24328 4096 39455.0 39455.0 39455.0 5.05119695856 5.05119695856 5.05119695856 20.2047878342 20.2047878342 20.2047878342
26760 4096 43250.0 43250.0 43250.0 5.06862242775 5.06862242775 5.06862242775 20.274489711 20.274489711 20.274489711
29432 4096 47814.0 47814.0 47814.0 5.04260141381 5.04260141381 5.04260141381 20.1704056552 20.1704056552 20.1704056552
32368 4096 52447.0 52447.0 52447.0 5.05574496158 5.05574496158 5.05574496158 20.2229798463 20.2229798463 20.2229798463
35600 2048 28961.0 28961.0 28961.0 5.03496426228 5.03496426228 5.03496426228 20.1398570491 20.1398570491 20.1398570491
39160 2048 31668.0 31668.0 31668.0 5.06502968296 5.06502968296 5.06502968296 20.2601187318 20.2601187318 20.2601187318
43072 2048 34992.0 34992.0 34992.0 5.04180704161 5.04180704161 5.04180704161 20.1672281664 20.1672281664 20.1672281664
47376 2048 38509.0 38509.0 38509.0 5.03913620193 5.03913620193 5.03913620193 20.1565448077 20.1565448077 20.1565448077
52112 2048 42375.0 42375.0 42375.0 5.03718588791 5.03718588791 5.03718588791 20.1487435516 20.1487435516 20.1487435516
57320 2048 46419.0 46419.0 46419.0 5.05790129042 5.05790129042 5.05790129042 20.2316051617 20.2316051617 20.2316051617
63048 2048 51370.0 51370.0 51370.0 5.02714829667 5.02714829667 5.02714829667 20.1085931867 20.1085931867 20.1085931867
69352 1024 29499.0 29499.0 29499.0 4.81483765551 4.81483765551 4.81483765551 19.2593506221 19.2593506221 19.2593506221
76280 1024 32167.0 32167.0 32167.0 4.85657475052 4.85657475052 4.85657475052 19.4262990021 19.4262990021 19.4262990021
83904 1024 34019.0 34019.0 34019.0 5.05115941092 5.05115941092 5.05115941092 20.2046376437 20.2046376437 20.2046376437
92288 1024 38530.0 38530.0 38530.0 4.9054197768 4.9054197768 4.9054197768 19.6216791072 19.6216791072 19.6216791072
101512 1024 41577.0 41577.0 41577.0 5.00027842317 5.00027842317 5.00027842317 20.0011136927 20.0011136927 20.0011136927
111656 1024 45214.0 45214.0 45214.0 5.05753722298 5.05753722298 5.05753722298 20.2301488919 20.2301488919 20.2301488919
122816 1024 49776.0 49776.0 49776.0 5.05318161363 5.05318161363 5.05318161363 20.2127264545 20.2127264545 20.2127264545
135096 512 27380.0 27380.0 27380.0 5.05253119065 5.05253119065 5.05253119065 20.2101247626 20.2101247626 20.2101247626
148600 512 30466.0 30466.0 30466.0 4.99463007943 4.99463007943 4.99463007943 19.9785203177 19.9785203177 19.9785203177
163456 512 33844.0 33844.0 33844.0 4.94560170193 4.94560170193 4.94560170193 19.7824068077 19.7824068077 19.7824068077
179800 512 37845.0 37845.0 37845.0 4.86498084291 4.86498084291 4.86498084291 19.4599233716 19.4599233716 19.4599233716
197776 512 40869.0 40869.0 40869.0 4.95540933226 4.95540933226 4.95540933226 19.821637329 19.821637329 19.821637329
217552 512 44322.0 44322.0 44322.0 5.02624538604 5.02624538604 5.02624538604 20.1049815442 20.1049815442 20.1049815442
239304 512 48708.0 48708.0 48708.0 5.03094555309 5.03094555309 5.03094555309 20.1237822124 20.1237822124 20.1237822124
263232 256 26779.0 26779.0 26779.0 5.03285350461 5.03285350461 5.03285350461 20.1314140184 20.1314140184 20.1314140184
289552 256 30433.0 30433.0 30433.0 4.87137725495 4.87137725495 4.87137725495 19.4855090198 19.4855090198 19.4855090198
318504 256 32358.0 32358.0 32358.0 5.03968255146 5.03968255146 5.03968255146 20.1587302058 20.1587302058 20.1587302058
350352 256 35484.0 35484.0 35484.0 5.05524247548 5.05524247548 5.05524247548 20.2209699019 20.2209699019 20.2209699019
385384 256 39041.0 39041.0 39041.0 5.05408693425 5.05408693425 5.05408693425 20.216347737 20.216347737 20.216347737
423920 256 43110.0 43110.0 43110.0 5.03472604964 5.03472604964 5.03472604964 20.1389041986 20.1389041986 20.1389041986
466312 256 47587.0 47587.0 47587.0 5.01716317482 5.01716317482 5.01716317482 20.0686526993 20.0686526993 20.0686526993
512936 256 52261.0 52261.0 52261.0 5.02522401026 5.02522401026 5.02522401026 20.100896041 20.100896041 20.100896041
564224 128 29012.0 29012.0 29012.0 4.97867585827 4.97867585827 4.97867585827 19.9147034331 19.9147034331 19.9147034331
620640 128 31628.0 31628.0 31628.0 5.02351840142 5.02351840142 5.02351840142 20.0940736057 20.0940736057 20.0940736057
682704 128 34817.0 34817.0 34817.0 5.01973817388 5.01973817388 5.01973817388 20.0789526955 20.0789526955 20.0789526955
750968 128 38870.0 38870.0 38870.0 4.94591736558 4.94591736558 4.94591736558 19.7836694623 19.7836694623 19.7836694623
826064 128 43071.0 43071.0 43071.0 4.90985544798 4.90985544798 4.90985544798 19.6394217919 19.6394217919 19.6394217919
908664 128 46730.0 46730.0 46730.0 4.97791534346 4.97791534346 4.97791534346 19.9116613738 19.9116613738 19.9116613738
999528 128 51051.0 51051.0 51051.0 5.01222636187 5.01222636187 5.01222636187 20.0489054475 20.0489054475 20.0489054475
1099480 64 28050.0 28050.0 28050.0 5.01723493761 5.01723493761 5.01723493761 20.0689397504 20.0689397504 20.0689397504
1209424 64 30749.0 30749.0 30749.0 5.03451403298 5.03451403298 5.03451403298 20.1380561319 20.1380561319 20.1380561319
1330360 64 33691.0 33691.0 33691.0 5.05434923273 5.05434923273 5.05434923273 20.2173969309 20.2173969309 20.2173969309
1463392 64 37699.0 37699.0 37699.0 4.96867757765 4.96867757765 4.96867757765 19.8747103106 19.8747103106 19.8747103106
1609728 64 41336.0 41336.0 41336.0 4.98464253919 4.98464253919 4.98464253919 19.9385701568 19.9385701568 19.9385701568
1770696 64 45671.0 45671.0 45671.0 4.96264780714 4.96264780714 4.96264780714 19.8505912286 19.8505912286 19.8505912286
1947760 64 50983.0 50983.0 50983.0 4.89012572818 4.89012572818 4.89012572818 19.5605029127 19.5605029127 19.5605029127
2142536 32 28238.0 28238.0 28238.0 4.8559495715 4.8559495715 4.8559495715 19.423798286 19.423798286 19.423798286
2356784 32 32345.0 32345.0 32345.0 4.66329188437 4.66329188437 4.66329188437 18.6531675375 18.6531675375 18.6531675375
2592456 32 34277.0 34277.0 34277.0 4.84048148905 4.84048148905 4.84048148905 19.3619259562 19.3619259562 19.3619259562
2851696 32 36490.0 36490.0 36490.0 5.00160438476 5.00160438476 5.00160438476 20.0064175391 20.0064175391 20.0064175391
3136864 32 40456.0 40456.0 40456.0 4.96241091556 4.96241091556 4.96241091556 19.8496436623 19.8496436623 19.8496436623
3450544 32 45205.0 45205.0 45205.0 4.88518562106 4.88518562106 4.88518562106 19.5407424842 19.5407424842 19.5407424842
3795592 32 49762.0 49762.0 49762.0 4.88159414815 4.88159414815 4.88159414815 19.5263765926 19.5263765926 19.5263765926
4175144 32 55370.0 55370.0 55370.0 4.8258843417 4.8258843417 4.8258843417 19.3035373668 19.3035373668 19.3035373668
4592656 16 30283.0 30283.0 30283.0 4.85305260377 4.85305260377 4.85305260377 19.4122104151 19.4122104151 19.4122104151
5051920 16 32678.0 32678.0 32678.0 4.94710324989 4.94710324989 4.94710324989 19.7884129996 19.7884129996 19.7884129996
5557112 16 35985.0 35985.0 35985.0 4.94171415868 4.94171415868 4.94171415868 19.7668566347 19.7668566347 19.7668566347
6112816 16 40549.0 40549.0 40549.0 4.8240428124 4.8240428124 4.8240428124 19.2961712496 19.2961712496 19.2961712496
6724096 16 45591.0 45591.0 45591.0 4.71959535873 4.71959535873 4.71959535873 18.8783814349 18.8783814349 18.8783814349
7396504 16 48926.0 48926.0 48926.0 4.83767583698 4.83767583698 4.83767583698 19.3507033479 19.3507033479 19.3507033479
8136152 16 54442.0 54442.0 54442.0 4.78227956357 4.78227956357 4.78227956357 19.1291182543 19.1291182543 19.1291182543
8949760 8 29136.0 29136.0 29136.0 4.91475013729 4.91475013729 4.91475013729 19.6590005491 19.6590005491 19.6590005491
9844736 8 32425.0 32425.0 32425.0 4.85784968389 4.85784968389 4.85784968389 19.4313987355 19.4313987355 19.4313987355
10829208 8 35579.0 35579.0 35579.0 4.86993248827 4.86993248827 4.86993248827 19.4797299531 19.4797299531 19.4797299531
11912128 8 39937.0 39937.0 39937.0 4.77236767909 4.77236767909 4.77236767909 19.0894707164 19.0894707164 19.0894707164
13103336 8 46061.0 46061.0 46061.0 4.55164620829 4.55164620829 4.55164620829 18.2065848332 18.2065848332 18.2065848332
14413664 8 48045.0 48045.0 48045.0 4.80005461546 4.80005461546 4.80005461546 19.2002184619 19.2002184619 19.2002184619
15855024 8 51387.0 51387.0 51387.0 4.93666460389 4.93666460389 4.93666460389 19.7466584156 19.7466584156 19.7466584156
17440520 4 28974.0 28974.0 28974.0 4.81549527162 4.81549527162 4.81549527162 19.2619810865 19.2619810865 19.2619810865
19184568 4 31234.0 31234.0 31234.0 4.91376525581 4.91376525581 4.91376525581 19.6550610232 19.6550610232 19.6550610232
21103024 4 34266.0 34266.0 34266.0 4.92687188467 4.92687188467 4.92687188467 19.7074875387 19.7074875387 19.7074875387
23213320 4 38718.0 38718.0 38718.0 4.79638824319 4.79638824319 4.79638824319 19.1855529728 19.1855529728 19.1855529728
25534648 4 42028.0 42028.0 42028.0 4.86050214143 4.86050214143 4.86050214143 19.4420085657 19.4420085657 19.4420085657
28088112 4 45214.0 45214.0 45214.0 4.9698079356 4.9698079356 4.9698079356 19.8792317424 19.8792317424 19.8792317424
30896920 4 50784.0 50784.0 50784.0 4.86718966604 4.86718966604 4.86718966604 19.4687586641 19.4687586641 19.4687586641
33986608 2 27637.0 27637.0 27637.0 4.91900104932 4.91900104932 4.91900104932 19.6760041973 19.6760041973 19.6760041973
37385264 2 30657.0 30657.0 30657.0 4.87787637407 4.87787637407 4.87787637407 19.5115054963 19.5115054963 19.5115054963
41123784 2 33512.0 33512.0 33512.0 4.90854428265 4.90854428265 4.90854428265 19.6341771306 19.6341771306 19.6341771306
45236160 2 37450.0 37450.0 37450.0 4.83163257677 4.83163257677 4.83163257677 19.3265303071 19.3265303071 19.3265303071
49759776 2 40391.0 40391.0 40391.0 4.92780827412 4.92780827412 4.92780827412 19.7112330965 19.7112330965 19.7112330965
54735752 2 45312.0 45312.0 45312.0 4.8318990113 4.8318990113 4.8318990113 19.3275960452 19.3275960452 19.3275960452
60209320 2 49954.0 49954.0 49954.0 4.8211810866 4.8211810866 4.8211810866 19.2847243464 19.2847243464 19.2847243464
66230248 2 53260.0 53260.0 53260.0 4.9741079985 4.9741079985 4.9741079985 19.896431994 19.896431994 19.896431994
72853272 1 29391.0 29391.0 29391.0 4.95752250689 4.95752250689 4.95752250689 19.8300900276 19.8300900276 19.8300900276
80138592 1 32501.0 32501.0 32501.0 4.93145392449 4.93145392449 4.93145392449 19.725815698 19.725815698 19.725815698
88152448 1 36247.0 36247.0 36247.0 4.86398587469 4.86398587469 4.86398587469 19.4559434988 19.4559434988 19.4559434988
96967688 1 39741.0 39741.0 39741.0 4.8799822853 4.8799822853 4.8799822853 19.5199291412 19.5199291412 19.5199291412
106664456 1 44222.0 44222.0 44222.0 4.82404486455 4.82404486455 4.82404486455 19.2961794582 19.2961794582 19.2961794582
117330896 1 47559.0 47559.0 47559.0 4.93411955676 4.93411955676 4.93411955676 19.736478227 19.736478227 19.736478227
129063984 1 52242.0 52242.0 52242.0 4.94100470885 4.94100470885 4.94100470885 19.7640188354 19.7640188354 19.7640188354

META_DATA
ERT_VERSION  1.1.0
TIMESTAMP_DATA  1650588993.38
UNAME  ('Linux', '559548279ca1', '5.10.16.3-microsoft-standard-WSL2', '#1 SMP Fri Apr 2 22:23:49 UTC 2021', 'x86_64', 'x86_64')
FLOPS          64
HOSTNAME  ('559548279ca1', [], ['172.17.0.3'])
CONFIG  {'ERT_WORKING_SET_MIN': ['1'], 'ERT_CFLAGS': ['-Ofast', '-march=native'], 'ERT_CC': ['cc'], 'ERT_MPI_CFLAGS': [], 'ERT_MPI_LDFLAGS': [], 'ERT_MEMORY_MAX': ['134217728', '#', '128MB'], 'ERT_LDFLAGS': [], 'ERT_LDLIBS': [], 'ERT_RUN': ['./ERT_CODE'], 'ERT_FLOPS': ['1,4,16,64'], 'ERT_OPENMP_CFLAGS': ['-fopenmp'], 'ERT_MPI': ['False'], 'ERT_TRIALS_MIN': ['1'], 'ERT_DRIVER': ['driver1'], 'ERT_RESULTS': ['Sequential'], 'ERT_OPENMP': ['False'], 'ERT_KERNEL': ['kernel1'], 'ERT_GPU': [False], 'ERT_LD': ['cc'], 'ERT_NUM_EXPERIMENTS': ['1'], 'ERT_OPENMP_LDFLAGS': ['-fopenmp'], 'ERT_ALIGN': ['64'], 'ERT_GNUPLOT': ['gnuplot']}
