8 16777216 192813.0 192813.0 192813.0 1.39220621016 1.39220621016 1.39220621016 1.39220621016 1.39220621016 1.39220621016
16 8388608 96226.0 96226.0 96226.0 2.7896354 2.7896354 2.7896354 2.7896354 2.7896354 2.7896354
24 4194304 48238.0 48238.0 48238.0 4.17360985115 4.17360985115 4.17360985115 4.17360985115 4.17360985115 4.17360985115
32 4194304 49405.0 49405.0 49405.0 5.43336617751 5.43336617751 5.43336617751 5.43336617751 5.43336617751 5.43336617751
40 2097152 24599.0 24599.0 24599.0 6.82028375137 6.82028375137 6.82028375137 6.82028375137 6.82028375137 6.82028375137
48 2097152 24734.0 24734.0 24734.0 8.13966976631 8.13966976631 8.13966976631 8.13966976631 8.13966976631 8.13966976631
56 2097152 24842.0 24842.0 24842.0 9.45499653812 9.45499653812 9.45499653812 9.45499653812 9.45499653812 9.45499653812
64 2097152 25196.0 25196.0 25196.0 10.6538917288 10.6538917288 10.6538917288 10.6538917288 10.6538917288 10.6538917288
72 1048576 12651.0 12651.0 12651.0 11.9354156984 11.9354156984 11.9354156984 11.9354156984 11.9354156984 11.9354156984
80 1048576 12654.0 12654.0 12654.0 13.2584289553 13.2584289553 13.2584289553 13.2584289553 13.2584289553 13.2584289553
88 1048576 12664.0 12664.0 12664.0 14.5727555275 14.5727555275 14.5727555275 14.5727555275 14.5727555275 14.5727555275
96 1048576 12916.0 12916.0 12916.0 15.5873793744 15.5873793744 15.5873793744 15.5873793744 15.5873793744 15.5873793744
104 1048576 12628.0 12628.0 12628.0 17.2714450428 17.2714450428 17.2714450428 17.2714450428 17.2714450428 17.2714450428
112 1048576 12650.0 12650.0 12650.0 18.5676698814 18.5676698814 18.5676698814 18.5676698814 18.5676698814 18.5676698814
120 1048576 12882.0 12882.0 12882.0 19.5356497438 19.5356497438 19.5356497438 19.5356497438 19.5356497438 19.5356497438
128 1048576 13766.0 13766.0 13766.0 19.4998878396 19.4998878396 19.4998878396 19.4998878396 19.4998878396 19.4998878396
136 524288 6400.0 6400.0 6400.0 22.28224 22.28224 22.28224 22.28224 22.28224 22.28224
144 524288 6472.0 6472.0 6472.0 23.3304919654 23.3304919654 23.3304919654 23.3304919654 23.3304919654 23.3304919654
152 524288 6538.0 6538.0 6538.0 24.378028755 24.378028755 24.378028755 24.378028755 24.378028755 24.378028755
160 524288 6385.0 6385.0 6385.0 26.2759843383 26.2759843383 26.2759843383 26.2759843383 26.2759843383 26.2759843383
176 524288 6544.0 6544.0 6544.0 28.2013105134 28.2013105134 28.2013105134 28.2013105134 28.2013105134 28.2013105134
192 524288 6486.0 6486.0 6486.0 31.0401776133 31.0401776133 31.0401776133 31.0401776133 31.0401776133 31.0401776133
208 524288 6744.0 6744.0 6744.0 32.3404223013 32.3404223013 32.3404223013 32.3404223013 32.3404223013 32.3404223013
224 524288 6632.0 6632.0 6632.0 35.416318456 35.416318456 35.416318456 35.416318456 35.416318456 35.416318456
240 524288 7178.0 7178.0 7178.0 35.0596600724 35.0596600724 35.0596600724 35.0596600724 35.0596600724 35.0596600724
264 262144 3529.0 3529.0 3529.0 39.2213182205 39.2213182205 39.2213182205 39.2213182205 39.2213182205 39.2213182205
288 262144 3582.0 3582.0 3582.0 42.1538090452 42.1538090452 42.1538090452 42.1538090452 42.1538090452 42.1538090452
312 262144 4648.0 4648.0 4648.0 35.1931703959 35.1931703959 35.1931703959 35.1931703959 35.1931703959 35.1931703959
336 262144 4637.0 4637.0 4637.0 37.9902454173 37.9902454173 37.9902454173 37.9902454173 37.9902454173 37.9902454173
368 262144 5039.0 5039.0 5039.0 38.2889430443 38.2889430443 38.2889430443 38.2889430443 38.2889430443 38.2889430443
400 262144 5418.0 5418.0 5418.0 38.7071244001 38.7071244001 38.7071244001 38.7071244001 38.7071244001 38.7071244001
440 262144 6117.0 6117.0 6117.0 37.7123949649 37.7123949649 37.7123949649 37.7123949649 37.7123949649 37.7123949649
480 262144 5775.0 5775.0 5775.0 43.5771844156 43.5771844156 43.5771844156 43.5771844156 43.5771844156 43.5771844156
528 131072 3459.0 3459.0 3459.0 40.0150424978 40.0150424978 40.0150424978 40.0150424978 40.0150424978 40.0150424978
576 131072 4268.0 4268.0 4268.0 35.3783842549 35.3783842549 35.3783842549 35.3783842549 35.3783842549 35.3783842549
632 131072 4149.0 4149.0 4149.0 39.9313106773 39.9313106773 39.9313106773 39.9313106773 39.9313106773 39.9313106773
688 131072 4314.0 4314.0 4314.0 41.8069244321 41.8069244321 41.8069244321 41.8069244321 41.8069244321 41.8069244321
752 131072 4777.0 4777.0 4777.0 41.2669642035 41.2669642035 41.2669642035 41.2669642035 41.2669642035 41.2669642035
824 131072 5328.0 5328.0 5328.0 40.5417897898 40.5417897898 40.5417897898 40.5417897898 40.5417897898 40.5417897898
904 131072 5488.0 5488.0 5488.0 43.181154519 43.181154519 43.181154519 43.181154519 43.181154519 43.181154519
992 131072 5946.0 5946.0 5946.0 43.7347541204 43.7347541204 43.7347541204 43.7347541204 43.7347541204 43.7347541204
1088 65536 3227.0 3227.0 3227.0 44.1916132631 44.1916132631 44.1916132631 44.1916132631 44.1916132631 44.1916132631
1192 65536 3664.0 3664.0 3664.0 42.6413275109 42.6413275109 42.6413275109 42.6413275109 42.6413275109 42.6413275109
1304 65536 4254.0 4254.0 4254.0 40.1781589093 40.1781589093 40.1781589093 40.1781589093 40.1781589093 40.1781589093
1432 65536 4474.0 4474.0 4474.0 41.9524148413 41.9524148413 41.9524148413 41.9524148413 41.9524148413 41.9524148413
1568 65536 4635.0 4635.0 4635.0 44.3410778857 44.3410778857 44.3410778857 44.3410778857 44.3410778857 44.3410778857
1720 65536 5361.0 5361.0 5361.0 42.0525722813 42.0525722813 42.0525722813 42.0525722813 42.0525722813 42.0525722813
1888 65536 5660.0 5660.0 5660.0 43.7215434629 43.7215434629 43.7215434629 43.7215434629 43.7215434629 43.7215434629
2072 32768 3181.0 3181.0 3181.0 42.6880201195 42.6880201195 42.6880201195 42.6880201195 42.6880201195 42.6880201195
2272 32768 3370.0 3370.0 3370.0 44.1833210682 44.1833210682 44.1833210682 44.1833210682 44.1833210682 44.1833210682
2496 32768 3676.0 3676.0 3676.0 44.4988726877 44.4988726877 44.4988726877 44.4988726877 44.4988726877 44.4988726877
2744 32768 4254.0 4254.0 4254.0 42.2733389751 42.2733389751 42.2733389751 42.2733389751 42.2733389751 42.2733389751
3016 32768 4513.0 4513.0 4513.0 43.7971584312 43.7971584312 43.7971584312 43.7971584312 43.7971584312 43.7971584312
3312 32768 5012.0 5012.0 5012.0 43.3071093376 43.3071093376 43.3071093376 43.3071093376 43.3071093376 43.3071093376
3640 32768 5823.0 5823.0 5823.0 40.9670341748 40.9670341748 40.9670341748 40.9670341748 40.9670341748 40.9670341748
4000 32768 7454.0 7454.0 7454.0 35.1682318218 35.1682318218 35.1682318218 35.1682318218 35.1682318218 35.1682318218
4400 16384 3323.0 3323.0 3323.0 43.3882636172 43.3882636172 43.3882636172 43.3882636172 43.3882636172 43.3882636172
4840 16384 3889.0 3889.0 3889.0 40.7809514014 40.7809514014 40.7809514014 40.7809514014 40.7809514014 40.7809514014
5320 16384 4889.0 4889.0 4889.0 35.6567314379 35.6567314379 35.6567314379 35.6567314379 35.6567314379 35.6567314379
5848 16384 8080.0 8080.0 8080.0 23.7162455446 23.7162455446 23.7162455446 23.7162455446 23.7162455446 23.7162455446
6432 16384 4829.0 4829.0 4829.0 43.6454288673 43.6454288673 43.6454288673 43.6454288673 43.6454288673 43.6454288673
7072 16384 5234.0 5234.0 5234.0 44.2749896828 44.2749896828 44.2749896828 44.2749896828 44.2749896828 44.2749896828
7776 16384 5763.0 5763.0 5763.0 44.2137719938 44.2137719938 44.2137719938 44.2137719938 44.2137719938 44.2137719938
8552 8192 3176.0 3176.0 3176.0 44.1171183879 44.1171183879 44.1171183879 44.1171183879 44.1171183879 44.1171183879
9400 8192 3576.0 3576.0 3576.0 43.0675615213 43.0675615213 43.0675615213 43.0675615213 43.0675615213 43.0675615213
10336 8192 3812.0 3812.0 3812.0 44.4241930745 44.4241930745 44.4241930745 44.4241930745 44.4241930745 44.4241930745
11368 8192 4261.0 4261.0 4261.0 43.7111739028 43.7111739028 43.7111739028 43.7111739028 43.7111739028 43.7111739028
12504 8192 4632.0 4632.0 4632.0 44.2283108808 44.2283108808 44.2283108808 44.2283108808 44.2283108808 44.2283108808
13752 8192 5198.0 5198.0 5198.0 43.3460500192 43.3460500192 43.3460500192 43.3460500192 43.3460500192 43.3460500192
15120 8192 5681.0 5681.0 5681.0 43.606069354 43.606069354 43.606069354 43.606069354 43.606069354 43.606069354
16632 4096 3139.0 3139.0 3139.0 43.4053341829 43.4053341829 43.4053341829 43.4053341829 43.4053341829 43.4053341829
18288 4096 3454.0 3454.0 3454.0 43.3744342791 43.3744342791 43.3744342791 43.3744342791 43.3744342791 43.3744342791
20112 4096 3770.0 3770.0 3770.0 43.7022557029 43.7022557029 43.7022557029 43.7022557029 43.7022557029 43.7022557029
22120 4096 4072.0 4072.0 4072.0 44.5007465619 44.5007465619 44.5007465619 44.5007465619 44.5007465619 44.5007465619
24328 4096 4481.0 4481.0 4481.0 44.4755581343 44.4755581343 44.4755581343 44.4755581343 44.4755581343 44.4755581343
26760 4096 4997.0 4997.0 4997.0 43.8699059436 43.8699059436 43.8699059436 43.8699059436 43.8699059436 43.8699059436
29432 4096 5424.0 5424.0 5424.0 44.4518702065 44.4518702065 44.4518702065 44.4518702065 44.4518702065 44.4518702065
32368 4096 6066.0 6066.0 6066.0 43.7122743159 43.7122743159 43.7122743159 43.7122743159 43.7122743159 43.7122743159
35600 2048 3352.0 3352.0 3352.0 43.5016706444 43.5016706444 43.5016706444 43.5016706444 43.5016706444 43.5016706444
39160 2048 3629.0 3629.0 3629.0 44.1993276385 44.1993276385 44.1993276385 44.1993276385 44.1993276385 44.1993276385
43072 2048 3981.0 3981.0 3981.0 44.3162300929 44.3162300929 44.3162300929 44.3162300929 44.3162300929 44.3162300929
47376 2048 4455.0 4455.0 4455.0 43.5582707071 43.5582707071 43.5582707071 43.5582707071 43.5582707071 43.5582707071
52112 2048 4881.0 4881.0 4881.0 43.7309469371 43.7309469371 43.7309469371 43.7309469371 43.7309469371 43.7309469371
57320 2048 5267.0 5267.0 5267.0 44.5761761914 44.5761761914 44.5761761914 44.5761761914 44.5761761914 44.5761761914
63048 2048 5833.0 5833.0 5833.0 44.2730341162 44.2730341162 44.2730341162 44.2730341162 44.2730341162 44.2730341162
69352 1024 3241.0 3241.0 3241.0 43.8237877198 43.8237877198 43.8237877198 43.8237877198 43.8237877198 43.8237877198
76280 1024 3601.0 3601.0 3601.0 43.3827936684 43.3827936684 43.3827936684 43.3827936684 43.3827936684 43.3827936684
83904 1024 4593.0 4593.0 4593.0 37.4124519922 37.4124519922 37.4124519922 37.4124519922 37.4124519922 37.4124519922
92288 1024 4215.0 4215.0 4215.0 44.8412393832 44.8412393832 44.8412393832 44.8412393832 44.8412393832 44.8412393832
101512 1024 4692.0 4692.0 4692.0 44.3087331628 44.3087331628 44.3087331628 44.3087331628 44.3087331628 44.3087331628
111656 1024 5293.0 5293.0 5293.0 43.2026238428 43.2026238428 43.2026238428 43.2026238428 43.2026238428 43.2026238428
122816 1024 5661.0 5661.0 5661.0 44.431578873 44.431578873 44.431578873 44.431578873 44.431578873 44.431578873
135096 512 3115.0 3115.0 3115.0 44.4103704655 44.4103704655 44.4103704655 44.4103704655 44.4103704655 44.4103704655
148600 512 3483.0 3483.0 3483.0 43.6883146713 43.6883146713 43.6883146713 43.6883146713 43.6883146713 43.6883146713
163456 512 3801.0 3801.0 3801.0 44.0355022363 44.0355022363 44.0355022363 44.0355022363 44.0355022363 44.0355022363
179800 512 4220.0 4220.0 4220.0 43.6291943128 43.6291943128 43.6291943128 43.6291943128 43.6291943128 43.6291943128
197776 512 4655.0 4655.0 4655.0 43.5064713212 43.5064713212 43.5064713212 43.5064713212 43.5064713212 43.5064713212
217552 512 5114.0 5114.0 5114.0 43.5614485725 43.5614485725 43.5614485725 43.5614485725 43.5614485725 43.5614485725
239304 512 5532.0 5532.0 5532.0 44.296329718 44.296329718 44.296329718 44.296329718 44.296329718 44.296329718
263232 256 3052.0 3052.0 3052.0 44.1594967235 44.1594967235 44.1594967235 44.1594967235 44.1594967235 44.1594967235
289552 256 3370.0 3370.0 3370.0 43.9912830861 43.9912830861 43.9912830861 43.9912830861 43.9912830861 43.9912830861
318504 256 3725.0 3725.0 3725.0 43.7782679195 43.7782679195 43.7782679195 43.7782679195 43.7782679195 43.7782679195
350352 256 4056.0 4056.0 4056.0 44.2258934911 44.2258934911 44.2258934911 44.2258934911 44.2258934911 44.2258934911
385384 256 4460.0 4460.0 4460.0 44.2413919283 44.2413919283 44.2413919283 44.2413919283 44.2413919283 44.2413919283
423920 256 4955.0 4955.0 4955.0 43.8036407669 43.8036407669 43.8036407669 43.8036407669 43.8036407669 43.8036407669
466312 256 5570.0 5570.0 5570.0 42.8638678636 42.8638678636 42.8638678636 42.8638678636 42.8638678636 42.8638678636
512936 256 5968.0 5968.0 5968.0 44.005233244 44.005233244 44.005233244 44.005233244 44.005233244 44.005233244
564224 128 3285.0 3285.0 3285.0 43.9699677321 43.9699677321 43.9699677321 43.9699677321 43.9699677321 43.9699677321
620640 128 3602.0 3602.0 3602.0 44.1098945031 44.1098945031 44.1098945031 44.1098945031 44.1098945031 44.1098945031
682704 128 4014.0 4014.0 4014.0 43.5406636771 43.5406636771 43.5406636771 43.5406636771 43.5406636771 43.5406636771
750968 128 4402.0 4402.0 4402.0 43.6728323489 43.6728323489 43.6728323489 43.6728323489 43.6728323489 43.6728323489
826064 128 4881.0 4881.0 4881.0 43.3256267158 43.3256267158 43.3256267158 43.3256267158 43.3256267158 43.3256267158
908664 128 6492.0 6492.0 6492.0 35.8314824399 35.8314824399 35.8314824399 35.8314824399 35.8314824399 35.8314824399
999528 128 7807.0 7807.0 7807.0 32.7756075317 32.7756075317 32.7756075317 32.7756075317 32.7756075317 32.7756075317
1099480 64 4611.0 4611.0 4611.0 30.5212405118 30.5212405118 30.5212405118 30.5212405118 30.5212405118 30.5212405118
1209424 64 5801.0 5801.0 5801.0 26.6861354939 26.6861354939 26.6861354939 26.6861354939 26.6861354939 26.6861354939
1330360 64 4602.0 4602.0 4602.0 37.0026249457 37.0026249457 37.0026249457 37.0026249457 37.0026249457 37.0026249457
1463392 64 5128.0 5128.0 5128.0 36.527725429 36.527725429 36.527725429 36.527725429 36.527725429 36.527725429
1609728 64 5118.0 5118.0 5118.0 40.258926143 40.258926143 40.258926143 40.258926143 40.258926143 40.258926143
1770696 64 7118.0 7118.0 7118.0 31.8416813712 31.8416813712 31.8416813712 31.8416813712 31.8416813712 31.8416813712
1947760 64 5732.0 5732.0 5732.0 43.4949895324 43.4949895324 43.4949895324 43.4949895324 43.4949895324 43.4949895324
2142536 32 3231.0 3231.0 3231.0 42.4395865057 42.4395865057 42.4395865057 42.4395865057 42.4395865057 42.4395865057
2356784 32 3449.0 3449.0 3449.0 43.7327271673 43.7327271673 43.7327271673 43.7327271673 43.7327271673 43.7327271673
2592456 32 4168.0 4168.0 4168.0 39.8073857965 39.8073857965 39.8073857965 39.8073857965 39.8073857965 39.8073857965
2851696 32 6424.0 6424.0 6424.0 28.4104209215 28.4104209215 28.4104209215 28.4104209215 28.4104209215 28.4104209215
3136864 32 7762.0 7762.0 7762.0 25.8643772224 25.8643772224 25.8643772224 25.8643772224 25.8643772224 25.8643772224
3450544 32 12616.0 12616.0 12616.0 17.5043449588 17.5043449588 17.5043449588 17.5043449588 17.5043449588 17.5043449588
3795592 32 23093.0 23093.0 23093.0 10.5191134976 10.5191134976 10.5191134976 10.5191134976 10.5191134976 10.5191134976
4175144 32 27278.0 27278.0 27278.0 9.79577740304 9.79577740304 9.79577740304 9.79577740304 9.79577740304 9.79577740304
4592656 16 17990.0 17990.0 17990.0 8.1692602557 8.1692602557 8.1692602557 8.1692602557 8.1692602557 8.1692602557
5051920 16 13704.0 13704.0 13704.0 11.796660829 11.796660829 11.796660829 11.796660829 11.796660829 11.796660829
5557112 16 16903.0 16903.0 16903.0 10.5204747086 10.5204747086 10.5204747086 10.5204747086 10.5204747086 10.5204747086
6112816 16 18735.0 18735.0 18735.0 10.4408920203 10.4408920203 10.4408920203 10.4408920203 10.4408920203 10.4408920203
6724096 16 20906.0 20906.0 20906.0 10.2923118722 10.2923118722 10.2923118722 10.2923118722 10.2923118722 10.2923118722
7396504 16 22314.0 22314.0 22314.0 10.6071581966 10.6071581966 10.6071581966 10.6071581966 10.6071581966 10.6071581966
8136152 16 19810.0 19810.0 19810.0 13.142698839 13.142698839 13.142698839 13.142698839 13.142698839 13.142698839
8949760 8 11669.0 11669.0 11669.0 12.271502271 12.271502271 12.271502271 12.271502271 12.271502271 12.271502271
9844736 8 14795.0 14795.0 14795.0 10.6465546468 10.6465546468 10.6465546468 10.6465546468 10.6465546468 10.6465546468
10829208 8 13778.0 13778.0 13778.0 12.5756516185 12.5756516185 12.5756516185 12.5756516185 12.5756516185 12.5756516185
11912128 8 14441.0 14441.0 14441.0 13.1981197978 13.1981197978 13.1981197978 13.1981197978 13.1981197978 13.1981197978
13103336 8 16341.0 16341.0 16341.0 12.8298987822 12.8298987822 12.8298987822 12.8298987822 12.8298987822 12.8298987822
14413664 8 17779.0 17779.0 17779.0 12.9714058159 12.9714058159 12.9714058159 12.9714058159 12.9714058159 12.9714058159
15855024 8 22510.0 22510.0 22510.0 11.2696749889 11.2696749889 11.2696749889 11.2696749889 11.2696749889 11.2696749889
17440520 4 10899.0 10899.0 10899.0 12.8015561061 12.8015561061 12.8015561061 12.8015561061 12.8015561061 12.8015561061
19184568 4 12762.0 12762.0 12762.0 12.0260573578 12.0260573578 12.0260573578 12.0260573578 12.0260573578 12.0260573578
21103024 4 15197.0 15197.0 15197.0 11.109047312 11.109047312 11.109047312 11.109047312 11.109047312 11.109047312
23213320 4 14783.0 14783.0 14783.0 12.5621700602 12.5621700602 12.5621700602 12.5621700602 12.5621700602 12.5621700602
25534648 4 15758.0 15758.0 15758.0 12.9633953547 12.9633953547 12.9633953547 12.9633953547 12.9633953547 12.9633953547
28088112 4 17357.0 17357.0 17357.0 12.9460676384 12.9460676384 12.9460676384 12.9460676384 12.9460676384 12.9460676384
30896920 4 18622.0 18622.0 18622.0 13.2732982494 13.2732982494 13.2732982494 13.2732982494 13.2732982494 13.2732982494
33986608 2 11568.0 11568.0 11568.0 11.7519391425 11.7519391425 11.7519391425 11.7519391425 11.7519391425 11.7519391425
37385264 2 12262.0 12262.0 12262.0 12.1954865438 12.1954865438 12.1954865438 12.1954865438 12.1954865438 12.1954865438
41123784 2 12581.0 12581.0 12581.0 13.0748856212 13.0748856212 13.0748856212 13.0748856212 13.0748856212 13.0748856212
45236160 2 16438.0 16438.0 16438.0 11.0077041003 11.0077041003 11.0077041003 11.0077041003 11.0077041003 11.0077041003
49759776 2 16100.0 16100.0 16100.0 12.3626772671 12.3626772671 12.3626772671 12.3626772671 12.3626772671 12.3626772671
54735752 2 16692.0 16692.0 16692.0 13.1166431824 13.1166431824 13.1166431824 13.1166431824 13.1166431824 13.1166431824
60209320 2 18099.0 18099.0 18099.0 13.3066622465 13.3066622465 13.3066622465 13.3066622465 13.3066622465 13.3066622465
66230248 2 21062.0 21062.0 21062.0 12.5781498433 12.5781498433 12.5781498433 12.5781498433 12.5781498433 12.5781498433
72853272 1 12803.0 12803.0 12803.0 11.3806564087 11.3806564087 11.3806564087 11.3806564087 11.3806564087 11.3806564087
80138592 1 12707.0 12707.0 12707.0 12.6132984969 12.6132984969 12.6132984969 12.6132984969 12.6132984969 12.6132984969
88152448 1 13337.0 13337.0 13337.0 13.2192319112 13.2192319112 13.2192319112 13.2192319112 13.2192319112 13.2192319112
96967688 1 17427.0 17427.0 17427.0 11.1284429908 11.1284429908 11.1284429908 11.1284429908 11.1284429908 11.1284429908
106664456 1 16470.0 16470.0 16470.0 12.9525751063 12.9525751063 12.9525751063 12.9525751063 12.9525751063 12.9525751063
117330896 1 19962.0 19962.0 19962.0 11.7554249073 11.7554249073 11.7554249073 11.7554249073 11.7554249073 11.7554249073
129063984 1 22100.0 22100.0 22100.0 11.679998552 11.679998552 11.679998552 11.679998552 11.679998552 11.679998552

META_DATA
ERT_VERSION  1.1.0
FLOPS          16
UNAME  ('Linux', '559548279ca1', '5.10.16.3-microsoft-standard-WSL2', '#1 SMP Fri Apr 2 22:23:49 UTC 2021', 'x86_64', 'x86_64')
HOSTNAME  ('559548279ca1', [], ['172.17.0.3'])
TIMESTAMP_DATA  1650588989.34
CONFIG  {'ERT_WORKING_SET_MIN': ['1'], 'ERT_CFLAGS': ['-Ofast', '-march=native'], 'ERT_CC': ['cc'], 'ERT_MPI_CFLAGS': [], 'ERT_MPI_LDFLAGS': [], 'ERT_MEMORY_MAX': ['134217728', '#', '128MB'], 'ERT_LDFLAGS': [], 'ERT_LDLIBS': [], 'ERT_RUN': ['./ERT_CODE'], 'ERT_FLOPS': ['1,4,16,64'], 'ERT_OPENMP_CFLAGS': ['-fopenmp'], 'ERT_MPI': ['False'], 'ERT_TRIALS_MIN': ['1'], 'ERT_DRIVER': ['driver1'], 'ERT_RESULTS': ['Sequential'], 'ERT_OPENMP': ['False'], 'ERT_KERNEL': ['kernel1'], 'ERT_GPU': [False], 'ERT_LD': ['cc'], 'ERT_NUM_EXPERIMENTS': ['1'], 'ERT_OPENMP_LDFLAGS': ['-fopenmp'], 'ERT_ALIGN': ['64'], 'ERT_GNUPLOT': ['gnuplot']}
