8 16777216 45626.0 45626.0 45626.0 5.88338789287 5.88338789287 5.88338789287 0.367711743304 0.367711743304 0.367711743304
16 8388608 22288.0 22288.0 22288.0 12.0439454415 12.0439454415 12.0439454415 0.752746590093 0.752746590093 0.752746590093
24 4194304 11488.0 11488.0 11488.0 17.5249470752 17.5249470752 17.5249470752 1.0953091922 1.0953091922 1.0953091922
32 4194304 11128.0 11128.0 11128.0 24.1225248023 24.1225248023 24.1225248023 1.50765780014 1.50765780014 1.50765780014
40 2097152 5559.0 5559.0 5559.0 30.1802770282 30.1802770282 30.1802770282 1.88626731427 1.88626731427 1.88626731427
48 2097152 5601.0 5601.0 5601.0 35.944758436 35.944758436 35.944758436 2.24654740225 2.24654740225 2.24654740225
56 2097152 5677.0 5677.0 5677.0 41.3741454994 41.3741454994 41.3741454994 2.58588409371 2.58588409371 2.58588409371
64 2097152 6157.0 6157.0 6157.0 43.5984174111 43.5984174111 43.5984174111 2.72490108819 2.72490108819 2.72490108819
72 1048576 3239.0 3239.0 3239.0 46.6177659772 46.6177659772 46.6177659772 2.91361037357 2.91361037357 2.91361037357
80 1048576 4041.0 4041.0 4041.0 41.5174857708 41.5174857708 41.5174857708 2.59484286068 2.59484286068 2.59484286068
88 1048576 3797.0 3797.0 3797.0 48.6039968396 48.6039968396 48.6039968396 3.03774980248 3.03774980248 3.03774980248
96 1048576 4063.0 4063.0 4063.0 49.5512163426 49.5512163426 49.5512163426 3.09695102141 3.09695102141 3.09695102141
104 1048576 4788.0 4788.0 4788.0 45.5521737678 45.5521737678 45.5521737678 2.84701086048 2.84701086048 2.84701086048
112 1048576 4580.0 4580.0 4580.0 51.2840663755 51.2840663755 51.2840663755 3.20525414847 3.20525414847 3.20525414847
120 1048576 5318.0 5318.0 5318.0 47.3219706657 47.3219706657 47.3219706657 2.9576231666 2.9576231666 2.9576231666
128 1048576 3320.0 3320.0 3320.0 80.854053012 80.854053012 80.854053012 5.05337831325 5.05337831325 5.05337831325
136 524288 1653.0 1653.0 1653.0 86.2712256503 86.2712256503 86.2712256503 5.39195160315 5.39195160315 5.39195160315
144 524288 1625.0 1625.0 1625.0 92.9199655385 92.9199655385 92.9199655385 5.80749784615 5.80749784615 5.80749784615
152 524288 1654.0 1654.0 1654.0 96.3624860943 96.3624860943 96.3624860943 6.02265538089 6.02265538089 6.02265538089
160 524288 1698.0 1698.0 1698.0 98.8057479388 98.8057479388 98.8057479388 6.17535924617 6.17535924617 6.17535924617
176 524288 1758.0 1758.0 1758.0 104.976891923 104.976891923 104.976891923 6.56105574516 6.56105574516 6.56105574516
192 524288 2027.0 2027.0 2027.0 99.3224430192 99.3224430192 99.3224430192 6.2076526887 6.2076526887 6.2076526887
208 524288 2254.0 2254.0 2254.0 96.7630026619 96.7630026619 96.7630026619 6.04768766637 6.04768766637 6.04768766637
224 524288 2519.0 2519.0 2519.0 93.2437570464 93.2437570464 93.2437570464 5.8277348154 5.8277348154 5.8277348154
240 524288 2806.0 2806.0 2806.0 89.6857590877 89.6857590877 89.6857590877 5.60535994298 5.60535994298 5.60535994298
264 262144 1075.0 1075.0 1075.0 128.755378605 128.755378605 128.755378605 8.04721116279 8.04721116279 8.04721116279
288 262144 1268.0 1268.0 1268.0 119.08118612 119.08118612 119.08118612 7.44257413249 7.44257413249 7.44257413249
312 262144 1468.0 1468.0 1468.0 111.429057221 111.429057221 111.429057221 6.96431607629 6.96431607629 6.96431607629
336 262144 1638.0 1638.0 1638.0 107.54625641 107.54625641 107.54625641 6.72164102564 6.72164102564 6.72164102564
368 262144 1866.0 1866.0 1866.0 103.396561629 103.396561629 103.396561629 6.46228510182 6.46228510182 6.46228510182
400 262144 1750.0 1750.0 1750.0 119.837257143 119.837257143 119.837257143 7.48982857143 7.48982857143 7.48982857143
440 262144 1955.0 1955.0 1955.0 117.998322251 117.998322251 117.998322251 7.37489514066 7.37489514066 7.37489514066
480 262144 2257.0 2257.0 2257.0 111.501214001 111.501214001 111.501214001 6.96882587506 6.96882587506 6.96882587506
528 131072 1065.0 1065.0 1065.0 129.964349296 129.964349296 129.964349296 8.12277183099 8.12277183099 8.12277183099
576 131072 1266.0 1266.0 1266.0 119.269308057 119.269308057 119.269308057 7.45433175355 7.45433175355 7.45433175355
632 131072 1461.0 1461.0 1461.0 113.398362765 113.398362765 113.398362765 7.08739767283 7.08739767283 7.08739767283
688 131072 1436.0 1436.0 1436.0 125.595454039 125.595454039 125.595454039 7.84971587744 7.84971587744 7.84971587744
752 131072 1736.0 1736.0 1736.0 113.555465438 113.555465438 113.555465438 7.09721658986 7.09721658986 7.09721658986
824 131072 1720.0 1720.0 1720.0 125.585265116 125.585265116 125.585265116 7.84907906977 7.84907906977 7.84907906977
904 131072 1832.0 1832.0 1832.0 129.354899563 129.354899563 129.354899563 8.08468122271 8.08468122271 8.08468122271
992 131072 2128.0 2128.0 2128.0 122.202466165 122.202466165 122.202466165 7.63765413534 7.63765413534 7.63765413534
1088 65536 1126.0 1126.0 1126.0 126.648611012 126.648611012 126.648611012 7.91553818828 7.91553818828 7.91553818828
1192 65536 1218.0 1218.0 1218.0 128.274075534 128.274075534 128.274075534 8.01712972085 8.01712972085 8.01712972085
1304 65536 1302.0 1302.0 1302.0 131.273339478 131.273339478 131.273339478 8.20458371736 8.20458371736 8.20458371736
1432 65536 1485.0 1485.0 1485.0 126.394009428 126.394009428 126.394009428 7.89962558923 7.89962558923 7.89962558923
1568 65536 1560.0 1560.0 1560.0 131.744164103 131.744164103 131.744164103 8.23401025641 8.23401025641 8.23401025641
1720 65536 1751.0 1751.0 1751.0 128.751479155 128.751479155 128.751479155 8.04696744717 8.04696744717 8.04696744717
1888 65536 1925.0 1925.0 1925.0 128.552694026 128.552694026 128.552694026 8.03454337662 8.03454337662 8.03454337662
2072 32768 1025.0 1025.0 1025.0 132.478626341 132.478626341 132.478626341 8.27991414634 8.27991414634 8.27991414634
2272 32768 1186.0 1186.0 1186.0 125.546198988 125.546198988 125.546198988 7.84663743676 7.84663743676 7.84663743676
2496 32768 1273.0 1273.0 1273.0 128.497923016 128.497923016 128.497923016 8.03112018853 8.03112018853 8.03112018853
2744 32768 1357.0 1357.0 1357.0 132.520843036 132.520843036 132.520843036 8.28255268976 8.28255268976 8.28255268976
3016 32768 1507.0 1507.0 1507.0 131.158975448 131.158975448 131.158975448 8.19743596549 8.19743596549 8.19743596549
3312 32768 1661.0 1661.0 1661.0 130.677442505 130.677442505 130.677442505 8.16734015653 8.16734015653 8.16734015653
3640 32768 2033.0 2033.0 2033.0 117.339419577 117.339419577 117.339419577 7.33371372356 7.33371372356 7.33371372356
4000 32768 1970.0 1970.0 1970.0 133.068020305 133.068020305 133.068020305 8.31675126904 8.31675126904 8.31675126904
4400 16384 1156.0 1156.0 1156.0 124.722491349 124.722491349 124.722491349 7.79515570934 7.79515570934 7.79515570934
4840 16384 1277.0 1277.0 1277.0 124.195082224 124.195082224 124.195082224 7.762192639 7.762192639 7.762192639
5320 16384 1377.0 1377.0 1377.0 126.598228032 126.598228032 126.598228032 7.912389252 7.912389252 7.912389252
5848 16384 1569.0 1569.0 1569.0 122.133374124 122.133374124 122.133374124 7.63333588273 7.63333588273 7.63333588273
6432 16384 1643.0 1643.0 1643.0 128.279839318 128.279839318 128.279839318 8.0174899574 8.0174899574 8.0174899574
7072 16384 1804.0 1804.0 1804.0 128.456372506 128.456372506 128.456372506 8.0285232816 8.0285232816 8.0285232816
7776 16384 1980.0 1980.0 1980.0 128.688872727 128.688872727 128.688872727 8.04305454545 8.04305454545 8.04305454545
8552 8192 1178.0 1178.0 1178.0 118.943945671 118.943945671 118.943945671 7.43399660441 7.43399660441 7.43399660441
9400 8192 1229.0 1229.0 1229.0 125.312937347 125.312937347 125.312937347 7.83205858421 7.83205858421 7.83205858421
10336 8192 1390.0 1390.0 1390.0 121.830952518 121.830952518 121.830952518 7.61443453237 7.61443453237 7.61443453237
11368 8192 1477.0 1477.0 1477.0 126.102445498 126.102445498 126.102445498 7.8814028436 7.8814028436 7.8814028436
12504 8192 1639.0 1639.0 1639.0 124.994225747 124.994225747 124.994225747 7.81213910921 7.81213910921 7.81213910921
13752 8192 1860.0 1860.0 1860.0 121.135896774 121.135896774 121.135896774 7.57099354839 7.57099354839 7.57099354839
15120 8192 1973.0 1973.0 1973.0 125.558073999 125.558073999 125.558073999 7.84737962494 7.84737962494 7.84737962494
16632 4096 1089.0 1089.0 1089.0 125.114181818 125.114181818 125.114181818 7.81963636364 7.81963636364 7.81963636364
18288 4096 1187.0 1187.0 1187.0 126.213391744 126.213391744 126.213391744 7.88833698399 7.88833698399 7.88833698399
20112 4096 1298.0 1298.0 1298.0 126.931821263 126.931821263 126.931821263 7.93323882897 7.93323882897 7.93323882897
22120 4096 1470.0 1470.0 1470.0 123.270095238 123.270095238 123.270095238 7.70438095238 7.70438095238 7.70438095238
24328 4096 1575.0 1575.0 1575.0 126.536492698 126.536492698 126.536492698 7.90853079365 7.90853079365 7.90853079365
26760 4096 1801.0 1801.0 1801.0 121.720111049 121.720111049 121.720111049 7.60750694059 7.60750694059 7.60750694059
29432 4096 1931.0 1931.0 1931.0 124.861182807 124.861182807 124.861182807 7.80382392543 7.80382392543 7.80382392543
32368 4096 2119.0 2119.0 2119.0 125.133863143 125.133863143 125.133863143 7.82086644644 7.82086644644 7.82086644644
35600 2048 1191.0 1191.0 1191.0 122.432913518 122.432913518 122.432913518 7.65205709488 7.65205709488 7.65205709488
39160 2048 1423.0 1423.0 1423.0 112.719156711 112.719156711 112.719156711 7.04494729445 7.04494729445 7.04494729445
43072 2048 1510.0 1510.0 1510.0 116.836365563 116.836365563 116.836365563 7.30227284768 7.30227284768 7.30227284768
47376 2048 1679.0 1679.0 1679.0 115.575995235 115.575995235 115.575995235 7.2234997022 7.2234997022 7.2234997022
52112 2048 2855.0 2855.0 2855.0 74.7638360771 74.7638360771 74.7638360771 4.67273975482 4.67273975482 4.67273975482
57320 2048 2036.0 2036.0 2036.0 115.3156778 115.3156778 115.3156778 7.20722986248 7.20722986248 7.20722986248
63048 2048 2201.0 2201.0 2201.0 117.330580645 117.330580645 117.330580645 7.33316129032 7.33316129032 7.33316129032
69352 1024 1219.0 1219.0 1219.0 116.515911403 116.515911403 116.515911403 7.28224446267 7.28224446267 7.28224446267
76280 1024 1728.0 1728.0 1728.0 90.4059259259 90.4059259259 90.4059259259 5.65037037037 5.65037037037 5.65037037037
83904 1024 1494.0 1494.0 1494.0 115.016995984 115.016995984 115.016995984 7.188562249 7.188562249 7.188562249
92288 1024 1619.0 1619.0 1619.0 116.742324892 116.742324892 116.742324892 7.29639530574 7.29639530574 7.29639530574
101512 1024 1780.0 1780.0 1780.0 116.795829213 116.795829213 116.795829213 7.29973932584 7.29973932584 7.29973932584
111656 1024 1938.0 1938.0 1938.0 117.99354386 117.99354386 117.99354386 7.37459649123 7.37459649123 7.37459649123
122816 1024 2182.0 2182.0 2182.0 115.273679193 115.273679193 115.273679193 7.20460494959 7.20460494959 7.20460494959
135096 512 1191.0 1191.0 1191.0 116.15306801 116.15306801 116.15306801 7.25956675063 7.25956675063 7.25956675063
148600 512 1293.0 1293.0 1293.0 117.684764114 117.684764114 117.684764114 7.35529775715 7.35529775715 7.35529775715
163456 512 1425.0 1425.0 1425.0 117.45890807 117.45890807 117.45890807 7.34118175439 7.34118175439 7.34118175439
179800 512 1593.0 1593.0 1593.0 115.577652228 115.577652228 115.577652228 7.22360326428 7.22360326428 7.22360326428
197776 512 1769.0 1769.0 1769.0 114.484241945 114.484241945 114.484241945 7.15526512154 7.15526512154 7.15526512154
217552 512 1922.0 1922.0 1922.0 115.906996878 115.906996878 115.906996878 7.24418730489 7.24418730489 7.24418730489
239304 512 2127.0 2127.0 2127.0 115.207943583 115.207943583 115.207943583 7.20049647391 7.20049647391 7.20049647391
263232 256 1152.0 1152.0 1152.0 116.992 116.992 116.992 7.312 7.312 7.312
289552 256 1284.0 1284.0 1284.0 115.459987539 115.459987539 115.459987539 7.21624922118 7.21624922118 7.21624922118
318504 256 1391.0 1391.0 1391.0 117.235117182 117.235117182 117.235117182 7.32719482387 7.32719482387 7.32719482387
350352 256 1530.0 1530.0 1530.0 117.241976471 117.241976471 117.241976471 7.32762352941 7.32762352941 7.32762352941
385384 256 1721.0 1721.0 1721.0 114.652299826 114.652299826 114.652299826 7.16576873911 7.16576873911 7.16576873911
423920 256 1921.0 1921.0 1921.0 112.986486205 112.986486205 112.986486205 7.06165538782 7.06165538782 7.06165538782
466312 256 2123.0 2123.0 2123.0 112.459606218 112.459606218 112.459606218 7.0287253886 7.0287253886 7.0287253886
512936 256 2317.0 2317.0 2317.0 113.346237376 113.346237376 113.346237376 7.08413983599 7.08413983599 7.08413983599
564224 128 1315.0 1315.0 1315.0 109.841326236 109.841326236 109.841326236 6.86508288973 6.86508288973 6.86508288973
620640 128 1494.0 1494.0 1494.0 106.347951807 106.347951807 106.347951807 6.64674698795 6.64674698795 6.64674698795
682704 128 1542.0 1542.0 1542.0 113.3412607 113.3412607 113.3412607 7.08382879377 7.08382879377 7.08382879377
750968 128 1719.0 1719.0 1719.0 111.837002909 111.837002909 111.837002909 6.98981268179 6.98981268179 6.98981268179
826064 128 1888.0 1888.0 1888.0 112.008677966 112.008677966 112.008677966 7.00054237288 7.00054237288 7.00054237288
908664 128 2102.0 2102.0 2102.0 110.665073264 110.665073264 110.665073264 6.91656707897 6.91656707897 6.91656707897
999528 128 2298.0 2298.0 2298.0 111.348637076 111.348637076 111.348637076 6.95928981723 6.95928981723 6.95928981723
1099480 64 1286.0 1286.0 1286.0 109.435023328 109.435023328 109.435023328 6.83968895801 6.83968895801 6.83968895801
1209424 64 1380.0 1380.0 1380.0 112.178457971 112.178457971 112.178457971 7.01115362319 7.01115362319 7.01115362319
1330360 64 1536.0 1536.0 1536.0 110.863333333 110.863333333 110.863333333 6.92895833333 6.92895833333 6.92895833333
1463392 64 1960.0 1960.0 1960.0 95.5684571429 95.5684571429 95.5684571429 5.97302857143 5.97302857143 5.97302857143
1609728 64 1910.0 1910.0 1910.0 107.877059686 107.877059686 107.877059686 6.74231623037 6.74231623037 6.74231623037
1770696 64 2064.0 2064.0 2064.0 109.810604651 109.810604651 109.810604651 6.8631627907 6.8631627907 6.8631627907
1947760 64 2276.0 2276.0 2276.0 109.540105448 109.540105448 109.540105448 6.84625659051 6.84625659051 6.84625659051
2142536 32 1294.0 1294.0 1294.0 105.967777434 105.967777434 105.967777434 6.62298608964 6.62298608964 6.62298608964
2356784 32 1402.0 1402.0 1402.0 107.58500428 107.58500428 107.58500428 6.72406276748 6.72406276748 6.72406276748
2592456 32 1504.0 1504.0 1504.0 110.317276596 110.317276596 110.317276596 6.89482978723 6.89482978723 6.89482978723
2851696 32 1644.0 1644.0 1644.0 111.01492944 111.01492944 111.01492944 6.93843309002 6.93843309002 6.93843309002
3136864 32 1978.0 1978.0 1978.0 101.496105157 101.496105157 101.496105157 6.3435065723 6.3435065723 6.3435065723
3450544 32 6101.0 6101.0 6101.0 36.1964950008 36.1964950008 36.1964950008 2.26228093755 2.26228093755 2.26228093755
3795592 32 4415.0 4415.0 4415.0 55.0210391846 55.0210391846 55.0210391846 3.43881494904 3.43881494904 3.43881494904
4175144 32 7342.0 7342.0 7342.0 36.3946085535 36.3946085535 36.3946085535 2.2746630346 2.2746630346 2.2746630346
4592656 16 11174.0 11174.0 11174.0 13.1524066583 13.1524066583 13.1524066583 0.822025416145 0.822025416145 0.822025416145
5051920 16 8104.0 8104.0 8104.0 19.9483514314 19.9483514314 19.9483514314 1.24677196446 1.24677196446 1.24677196446
5557112 16 10653.0 10653.0 10653.0 16.6927235521 16.6927235521 16.6927235521 1.043295222 1.043295222 1.043295222
6112816 16 14503.0 14503.0 14503.0 13.4875620217 13.4875620217 13.4875620217 0.842972626353 0.842972626353 0.842972626353
6724096 16 17175.0 17175.0 17175.0 12.528155575 12.528155575 12.528155575 0.783009723435 0.783009723435 0.783009723435
7396504 16 19478.0 19478.0 19478.0 12.1515621727 12.1515621727 12.1515621727 0.759472635794 0.759472635794 0.759472635794
8136152 16 19776.0 19776.0 19776.0 13.1652944984 13.1652944984 13.1652944984 0.822830906149 0.822830906149 0.822830906149
8949760 8 11605.0 11605.0 11605.0 12.3391779405 12.3391779405 12.3391779405 0.771198621284 0.771198621284 0.771198621284
9844736 8 16232.0 16232.0 16232.0 9.7040275998 9.7040275998 9.7040275998 0.606501724988 0.606501724988 0.606501724988
10829208 8 16379.0 16379.0 16379.0 10.5786267782 10.5786267782 10.5786267782 0.661164173637 0.661164173637 0.661164173637
11912128 8 16293.0 16293.0 16293.0 11.6979100227 11.6979100227 11.6979100227 0.731119376419 0.731119376419 0.731119376419
13103336 8 16700.0 16700.0 16700.0 12.5540943713 12.5540943713 12.5540943713 0.784630898204 0.784630898204 0.784630898204
14413664 8 22181.0 22181.0 22181.0 10.3971247464 10.3971247464 10.3971247464 0.64982029665 0.64982029665 0.64982029665
15855024 8 22082.0 22082.0 22082.0 11.4881072367 11.4881072367 11.4881072367 0.718006702291 0.718006702291 0.718006702291
17440520 4 10315.0 10315.0 10315.0 13.5263364033 13.5263364033 13.5263364033 0.845396025206 0.845396025206 0.845396025206
19184568 4 11360.0 11360.0 11360.0 13.5102591549 13.5102591549 13.5102591549 0.844391197183 0.844391197183 0.844391197183
21103024 4 15007.0 15007.0 15007.0 11.2496962751 11.2496962751 11.2496962751 0.703106017192 0.703106017192 0.703106017192
23213320 4 15633.0 15633.0 15633.0 11.8791377215 11.8791377215 11.8791377215 0.742446107593 0.742446107593 0.742446107593
25534648 4 15376.0 15376.0 15376.0 13.2854568158 13.2854568158 13.2854568158 0.830341050989 0.830341050989 0.830341050989
28088112 4 16843.0 16843.0 16843.0 13.3411444517 13.3411444517 13.3411444517 0.833821528231 0.833821528231 0.833821528231
30896920 4 18377.0 18377.0 18377.0 13.4502562986 13.4502562986 13.4502562986 0.840641018665 0.840641018665 0.840641018665
33986608 2 10178.0 10178.0 10178.0 13.3568905482 13.3568905482 13.3568905482 0.834805659265 0.834805659265 0.834805659265
37385264 2 12443.0 12443.0 12443.0 12.0180869565 12.0180869565 12.0180869565 0.751130434783 0.751130434783 0.751130434783
41123784 2 12112.0 12112.0 12112.0 13.5811704095 13.5811704095 13.5811704095 0.848823150594 0.848823150594 0.848823150594
45236160 2 16725.0 16725.0 16725.0 10.8188125561 10.8188125561 10.8188125561 0.676175784753 0.676175784753 0.676175784753
49759776 2 15838.0 15838.0 15838.0 12.567186766 12.567186766 12.567186766 0.785449172875 0.785449172875 0.785449172875
54735752 2 15782.0 15782.0 15782.0 13.8729570397 13.8729570397 13.8729570397 0.867059814979 0.867059814979 0.867059814979
60209320 2 17948.0 17948.0 17948.0 13.4186137731 13.4186137731 13.4186137731 0.83866336082 0.83866336082 0.83866336082
66230248 2 21820.0 21820.0 21820.0 12.1412003666 12.1412003666 12.1412003666 0.758825022915 0.758825022915 0.758825022915
72853272 1 12758.0 12758.0 12758.0 11.4207982442 11.4207982442 11.4207982442 0.713799890265 0.713799890265 0.713799890265
80138592 1 13192.0 13192.0 13192.0 12.1495742874 12.1495742874 12.1495742874 0.759348392965 0.759348392965 0.759348392965
88152448 1 12702.0 12702.0 12702.0 13.8800894347 13.8800894347 13.8800894347 0.867505589671 0.867505589671 0.867505589671
96967688 1 17929.0 17929.0 17929.0 10.8168540354 10.8168540354 10.8168540354 0.67605337721 0.67605337721 0.67605337721
106664456 1 15756.0 15756.0 15756.0 13.5395349073 13.5395349073 13.5395349073 0.846220931709 0.846220931709 0.846220931709
117330896 1 21393.0 21393.0 21393.0 10.9690923199 10.9690923199 10.9690923199 0.685568269995 0.685568269995 0.685568269995
129063984 1 22650.0 22650.0 22650.0 11.3963782781 11.3963782781 11.3963782781 0.712273642384 0.712273642384 0.712273642384

META_DATA
ERT_VERSION  1.1.0
FLOPS          1
UNAME  ('Linux', '559548279ca1', '5.10.16.3-microsoft-standard-WSL2', '#1 SMP Fri Apr 2 22:23:49 UTC 2021', 'x86_64', 'x86_64')
HOSTNAME  ('559548279ca1', [], ['172.17.0.3'])
TIMESTAMP_DATA  1650588984.2
CONFIG  {'ERT_WORKING_SET_MIN': ['1'], 'ERT_CFLAGS': ['-Ofast', '-march=native'], 'ERT_CC': ['cc'], 'ERT_MPI_CFLAGS': [], 'ERT_MPI_LDFLAGS': [], 'ERT_MEMORY_MAX': ['134217728', '#', '128MB'], 'ERT_LDFLAGS': [], 'ERT_LDLIBS': [], 'ERT_RUN': ['./ERT_CODE'], 'ERT_FLOPS': ['1,4,16,64'], 'ERT_OPENMP_CFLAGS': ['-fopenmp'], 'ERT_MPI': ['False'], 'ERT_TRIALS_MIN': ['1'], 'ERT_DRIVER': ['driver1'], 'ERT_RESULTS': ['Sequential'], 'ERT_OPENMP': ['False'], 'ERT_KERNEL': ['kernel1'], 'ERT_GPU': [False], 'ERT_LD': ['cc'], 'ERT_NUM_EXPERIMENTS': ['1'], 'ERT_OPENMP_LDFLAGS': ['-fopenmp'], 'ERT_ALIGN': ['64'], 'ERT_GNUPLOT': ['gnuplot']}
